Gd152,Gd152
E_eV,Sig_b
1e-05,38697.3702283
1.023823e-05,38245.1401745
1.047646e-05,37808.4402255
1.095292e-05,36978.1926189
1.142938e-05,36200.4353667
1.190583e-05,35469.8954334
1.238229e-05,34781.9377876
1.285874e-05,34132.6184026
1.33352e-05,33518.4222549
1.381165e-05,32936.3283238
1.445103e-05,32200.8953573
1.509041e-05,31512.75071
1.572979e-05,30867.0373492
1.636917e-05,30259.5462465
1.700855e-05,29686.6753776
1.764793e-05,29145.242721
1.828731e-05,28632.486258
1.892668e-05,28145.9699722
1.943964e-05,27773.1354541
1.99526e-05,27414.7800339
2e-05,27382.3578149
2.018538e-05,27256.6819661
2.037075e-05,27132.738129
2.074149e-05,26889.8484885
2.148298e-05,26423.078436
2.222447e-05,25979.9012427
2.296595e-05,25558.3778957
2.370744e-05,25156.8064834
2.444892e-05,24773.6726956
2.519041e-05,24407.5872229
2.593189e-05,24057.3461573
2.7155e-05,23511.293769
2.837811e-05,23000.983322
2.960122e-05,22522.6706912
3.082432e-05,22073.1613548
3.204743e-05,21649.6654941
3.327054e-05,21249.7768928
3.449365e-05,20871.3799366
3.571675e-05,20512.6182131
3.734295e-05,20063.2285774
3.896915e-05,19642.3251339
4.059535e-05,19247.0048633
4.222155e-05,18874.7989487
4.384775e-05,18523.5202755
4.547395e-05,18191.291531
4.710015e-05,17876.4635039
4.872634e-05,17577.5541844
5e-05,17353.715472
5.163697e-05,17078.3030113
5.327393e-05,16815.718737
5.491089e-05,16564.9885429
5.654785e-05,16325.251723
5.818482e-05,16095.7205721
5.982178e-05,15875.7002854
6.145874e-05,15664.5482586
6.30957e-05,15461.6839878
6.459882e-05,15282.2637754
6.610193e-05,15109.0072046
6.910815e-05,14779.657179
7.211438e-05,14471.1770943
7.51206e-05,14181.4427363
7.812683e-05,13908.6498927
8.113305e-05,13651.2029528
8.413928e-05,13407.7232073
8.71455e-05,13176.9881478
9.035913e-05,12943.2163678
9.357275e-05,12721.6380702
9.678638e-05,12511.217648
0.0001,12311.0634951
0.0001023823,12168.8226336
0.0001047646,12031.4864053
0.0001095292,11770.4200406
0.0001142938,11525.9068878
0.0001190583,11296.2890356
0.0001238229,11080.0962741
0.0001285874,10876.075695
0.000133352,10683.1391907
0.0001381165,10500.3139547
0.0001445103,10269.3770935
0.0001509041,10053.342633
0.0001572979,9850.67236282
0.0001636917,9660.04877407
0.0001700855,9480.32415901
0.0001764793,9310.50291088
0.0001828731,9149.70762378
0.0001892668,8997.17059252
0.0001943964,8880.29860237
0.000199526,8767.98514304
0.0002,8757.82597437
0.0002018538,8718.4422081
0.0002037075,8679.60224551
0.0002074149,8603.49583098
0.0002148298,8457.26574237
0.0002222447,8318.45230391
0.0002296595,8186.45251153
0.0002370744,8060.72596157
0.0002444892,7940.79295079
0.0002519041,7826.22257628
0.0002593189,7716.62833542
0.00027155,7545.80618071
0.0002837811,7386.20950192
0.0002960122,7236.66199111
0.0003082432,7096.15604146
0.0003204743,6963.81424704
0.0003327054,6838.88000274
0.0003449365,6720.68780404
0.0003571675,6608.65404702
0.0003734295,6468.35489907
0.0003896915,6336.98111152
0.0004059535,6213.62637822
0.0004222155,6097.50769388
0.0004384775,5987.94525391
0.0004547395,5884.34685429
0.0004710015,5786.19049148
0.0004872634,5693.0161624
0.0005,5623.25489143
0.0005163697,5537.43431211
0.0005327393,5455.6212599
0.0005491089,5377.51453276
0.0005654785,5302.84192886
0.0005818482,5231.35864653
0.0005982178,5162.84698431
0.0006145874,5097.10464082
0.000630957,5033.95091483
0.0006459882,4978.09753814
0.0006610193,4924.17127448
0.0006910815,4821.67158335
0.0007211438,4725.68073624
0.000751206,4635.54032869
0.0007812683,4550.67755682
0.0008113305,4470.59761729
0.0008413928,4394.86940716
0.000871455,4323.11192388
0.0009035913,4250.41683436
0.0009357275,4181.51587049
0.0009678638,4116.08983009
0.001,4053.85661126
0.0010325,3993.91020788
0.001065,3936.74062326
0.0010975,3882.13945598
0.00113,3829.92000478
0.0011625,3779.91566852
0.001195,3731.97164617
0.0012275,3685.95313681
0.00126,3641.73253959
0.0013,3589.60768929
0.00134,3539.84395492
0.00138,3492.26693529
0.00142,3446.72202936
0.00146,3403.06753617
0.0015,3361.17725488
0.00154,3320.93498469
0.00158,3282.23512489
0.0016325,3233.6234986
0.001685,3187.30918778
0.0017375,3143.11519124
0.00179,3100.88690793
0.0018425,3060.48113689
0.001895,3021.77077726
0.0019475,2984.64102826
0.002,2948.98728919
0.00206375,2907.53951132
0.0021275,2867.9742461
0.00219125,2830.15349261
0.002255,2793.95045001
0.00231875,2759.25541754
0.0023825,2725.96499452
0.00244625,2693.98788033
0.00251,2663.2388744
0.00259125,2625.7096231
0.0026725,2589.90868342
0.00275375,2555.7073545
0.002835,2522.99013556
0.00291625,2491.65162589
0.0029975,2461.59872487
0.00307875,2432.74523192
0.00316,2405.01334652
0.0032625,2371.52102265
0.003365,2339.57210918
0.0034675,2309.05220531
0.00357,2279.85911037
0.0036725,2251.89782371
0.003775,2225.08534477
0.0038775,2199.34377302
0.00398,2174.60440801
0.0041075,2145.1343115
0.004235,2117.006124
0.0043625,2090.12184483
0.00449,2064.3914734
0.0046175,2039.73540916
0.004745,2016.08065162
0.0048725,1993.36160033
0.005,1971.51675488
0.00501,1969.83974371
0.005050625,1963.07419867
0.00509125,1956.39025417
0.0051725,1943.25926675
0.005335,1917.90359795
0.0054975,1893.6807367
0.00566,1870.50898244
0.0058225,1848.31463469
0.005985,1827.03009299
0.0061475,1806.59475694
0.00631,1786.95432617
0.00651375,1763.37356917
0.0067175,1740.87441935
0.00692125,1719.3752762
0.007125,1698.80343923
0.00732875,1679.09650802
0.0075325,1660.19298216
0.00773625,1642.0413613
0.00794,1624.59124512
0.0081975,1603.47500452
0.008455,1583.32997036
0.0087125,1564.08344216
0.00897,1545.67001946
0.0092275,1528.03130188
0.009485,1511.11488905
0.0097425,1494.87238065
0.01,1479.26057639
0.01023829,1465.33958337
0.01047657,1451.89629349
0.01095313,1426.33402246
0.01142969,1402.38356212
0.01190625,1379.88191144
0.01238282,1358.68716953
0.01285938,1338.67843561
0.01333594,1319.74920897
0.0138125,1301.80338897
0.01432344,1283.56296703
0.01483438,1266.26915142
0.01534532,1249.84224157
0.01585625,1234.21223698
0.01636719,1219.31593721
0.01687813,1205.09754187
0.01738907,1191.50685062
0.0179,1178.49896319
0.0184125,1165.99577906
0.018925,1154.00059827
0.0194375,1142.47992064
0.01995,1131.40314598
0.02,1130.34513885
0.0202,1126.15241058
0.0204,1122.02088272
0.0208,1113.93622821
0.0216,1098.44072373
0.0224,1083.77632488
0.0232,1069.87073123
0.02425,1052.66531563
0.0253,1036.53250765
0.02634594,1021.42150692
0.02739188,1007.1756122
0.02843782,993.714522797
0.02948375,980.967938138
0.03052969,968.873957824
0.03157563,957.377981534
0.03262157,946.431708934
0.0336675,935.99213965
0.03523141,921.245441433
0.03679532,907.434248852
0.03835923,894.462561474
0.03992313,882.247679111
0.04148704,870.717001423
0.04305094,859.807827816
0.04461485,849.465357678
0.04617875,839.641390682
0.04808938,828.281713143
0.05,817.565040633
0.05012,816.912036249
0.05052563,814.721421573
0.05093125,812.556607118
0.0517425,808.301578838
0.053365,800.077024554
0.0549875,792.209472778
0.05661,784.673122965
0.0582325,777.444674818
0.059855,770.503228309
0.0614775,763.830083559
0.0631,757.407640678
0.06460274,751.669102609
0.06610547,746.120565974
0.06911094,735.551696055
0.07211641,725.625729244
0.07512188,716.278865132
0.07812735,707.45530448
0.08113282,699.10574795
0.08413829,691.187295164
0.08714375,683.662044955
0.09035782,676.012992954
0.09357188,668.741542405
0.09678594,661.816693905
0.1,655.210248262
0.1032363,648.854205426
0.1064725,642.772365146
0.1097088,636.944126464
0.112945,631.351988645
0.1161813,625.979451473
0.1194175,620.812315252
0.1226538,615.83658059
0.12589,611.040448049
0.1288894,606.745219923
0.1318888,602.585593488
0.1378875,594.643643725
0.1438863,587.161495578
0.149885,580.094348244
0.1558838,573.402702714
0.1618825,567.051460157
0.1678813,561.008820278
0.17388,555.248181744
0.1802925,549.376241009
0.186705,543.775100659
0.1931175,538.422261605
0.19953,533.299125419
0.2,532.932122911
0.2015997,531.691714525
0.2031994,530.464406361
0.2063988,528.047290622
0.2112308,524.488167957
0.2160627,521.033046025
0.2257266,514.411102811
0.2353905,508.143059858
0.2450544,502.19621797
0.2547183,496.540279016
0.2643822,491.147443197
0.2740461,485.994308722
0.28371,481.061874486
0.2902204,477.854451449
0.2967307,474.734228484
0.3097513,468.73878378
0.3227719,463.04244343
0.3357925,457.614607183
0.3488132,452.431172067
0.3618338,447.471637047
0.3748544,442.7175021
0.387875,438.152567951
0.4018907,433.433734572
0.4159063,428.899305467
0.4299219,424.534478033
0.4439375,420.327450808
0.4579532,416.268423593
0.4719688,412.351896396
0.5,404.8747435
0.50119,404.56674138
0.5057704,403.38873335
0.5103507,402.22362551
0.5195113,399.931910254
0.5378325,395.491880446
0.574475,387.05302111
0.6111175,379.156361981
0.64776,371.754908478
0.6844025,364.758561066
0.721045,358.134813944
0.7576875,351.844766846
0.79433,345.860221812
0.8457475,337.908809818
0.897165,330.415709799
0.9485825,323.333589786
1.0,316.622910984
1.055792,309.712484577
1.111584,303.142799315
1.167376,296.884064055
1.223167,290.906848855
1.278959,285.199587243
1.334751,279.713570999
1.446334,269.395259098
1.502126,264.516243148
1.557918,259.824547386
1.61371,255.303315276
1.669501,250.91635657
1.781085,242.571529461
1.892668,234.741692354
2.0,227.631469057
2.072643,223.047079941
2.145285,218.651661816
2.29057,210.282435567
2.435855,202.459409321
2.508498,198.725692003
2.58114,195.151528624
2.726425,188.256853937
2.87171,181.766629258
3.016995,175.647684579
3.16228,169.864961001
3.261217,166.105177752
3.360154,162.493215568
3.558027,155.645171201
3.755901,149.246236835
3.953774,143.261552756
4.151648,137.643328116
4.349521,132.377875337
4.547395,127.428182558
4.745268,122.767709779
5.0,117.142278101
5.163697,113.733497494
5.327393,110.484897936
5.491089,107.372588378
5.654785,104.39267882
5.818482,101.536989261
5.982178,98.7980697035
6.145874,96.1689601456
6.30957,93.6446012653
6.513784,90.6309536536
6.717998,87.7568667045
6.922212,85.0140597553
7.126425,82.3936028062
7.330639,79.887315857
7.534853,77.487674908
7.739067,75.1877759597
7.841174,74.0758873997
7.892227,73.5260729548
7.94328,72.9824047609
7.987468,72.5191705462
8.031655,72.0608532684
8.12003,71.1489791304
8.296779,69.37269441
8.473529,67.6505697
8.650278,65.991630988
8.827028,64.385907277
9.003777,62.822385565
9.180526,61.316018853
9.357275,59.85993714
9.517957,58.579178312
9.678638,57.340230483
9.839319,56.145313493
9.91966,55.565487837
9.95983,55.280021163
10.0,54.997557619
10.04985,54.651878007
10.0997,54.312115779
10.1994,53.651020859
10.2991,53.016778604
10.39879,52.413852348
10.49849,51.848124077
10.54834,51.581684441
10.59819,51.327845806
10.64804,51.088132171
10.69789,50.864318535
10.74774,50.6584749
10.79758,50.47290128
10.85196,50.296620953
10.90634,50.152570626
10.96072,50.047360299
11.0151,49.988159973
11.06948,49.983499646
11.12386,50.044299319
11.15105,50.103499156
11.17824,50.184568992
11.20543,50.289908829
11.23261,50.422118681
11.2734,50.677838428
11.31418,51.013238191
11.35497,51.443387938
11.37536,51.699457819
11.39575,51.986327701
11.41615,52.307157567
11.43654,52.664967448
11.45693,53.063767329
11.47732,53.50793721
11.49772,54.002747077
11.51811,54.553436958
11.5385,55.166706839
11.55889,55.849876721
11.58382,56.792439895
11.60874,57.869343085
11.63367,59.10261626
11.65859,60.51671945
11.68352,62.143582625
11.69598,63.04764422
11.70844,64.019405815
11.7209,65.06489741
11.73336,66.190819005
11.74582,67.4046406
11.75828,68.714712194
11.77755,70.95248373
11.79681,73.48209528
11.81607,76.353306831
11.8257,77.935042606
11.83533,79.625418381
11.84496,81.433964156
11.85459,83.371339932
11.86422,85.449385707
11.87385,87.681421482
11.88348,90.082297257
11.89311,92.668783032
11.90274,95.459738807
11.91237,98.476544583
11.92484,102.758636163
11.9373,107.517807758
11.94976,112.830489353
11.96222,118.784730947
11.97468,125.487722542
11.98091,129.15986334
11.98714,133.070734137
11.99337,137.241944935
11.9996,141.697585732
12.00583,146.46479653
12.01206,151.574207327
12.0183,157.07006811
12.02453,162.974548907
12.03076,169.341647705
12.03699,176.224034502
12.04322,183.6821833
12.04945,191.786690097
12.05568,200.619401894
12.06191,210.276069692
12.06815,220.887051475
12.07438,232.550489272
12.08061,245.438274069
12.08684,259.733709867
12.08996,267.488232258
12.09307,275.652886664
12.09619,284.313527056
12.0993,293.450264462
12.10242,303.160827853
12.10553,313.425033259
12.10865,324.354324651
12.11176,335.927845057
12.11446,346.566320068
12.11715,357.750103095
12.11984,369.556616121
12.12253,382.027527148
12.12522,395.207031175
12.12791,409.142165201
12.1306,423.882917228
12.13329,439.482044254
12.13598,455.995478281
12.13867,473.482144307
12.14136,492.004169334
12.14405,511.62699236
12.14674,532.419388387
12.14943,554.453044413
12.15212,577.80321044
12.15481,602.548266466
12.15722,625.969162906
12.15963,650.635879346
12.16204,676.611015786
12.16444,703.842792241
12.16685,732.623848681
12.16925,762.782625136
12.17166,794.639291576
12.17406,827.999418031
12.1769,869.680803836
12.17973,913.705069656
12.18129,939.078237352
12.18285,965.262475047
12.18441,992.277452743
12.18596,1019.96167045
12.18908,1078.31207585
12.19219,1140.09554125
12.19531,1205.85987664
12.19843,1275.56309203
12.20155,1349.34670742
12.20466,1427.08536283
12.20778,1509.40338822
12.2109,1596.16877361
12.21402,1687.477449
12.21713,1783.09775441
12.22025,1883.7050598
12.22336,1988.69724521
12.22647,2098.40761062
12.22958,2212.83100602
12.2327,2332.32550141
12.23581,2456.06579682
12.23893,2584.75429221
12.24204,2717.44328762
12.24516,2854.82798301
12.24828,2996.2948784
12.2514,3141.61617379
12.25451,3290.0399692
12.25763,3442.21736459
12.26074,3596.83435999
12.26697,3913.80755079
12.2732,4237.50564159
12.27942,4563.4117324
12.29189,5206.72041398
12.29812,5513.10110478
12.30435,5802.51649558
12.31058,6069.73878637
12.31681,6309.72847717
12.32139,6466.04507041
12.32596,6603.13036366
12.33053,6719.8454569
12.3351,6814.89835015
12.33883,6875.68354464
12.34255,6920.78393915
12.34628,6950.11253364
12.35,6963.31142815
12.35559,6952.86431989
12.36118,6906.34441163
12.36677,6824.65430338
12.37236,6709.29959513
12.37794,6562.63138689
12.3825,6421.14728016
12.38706,6261.91647342
12.39162,6086.6865667
12.39618,5897.32785997
12.40068,5698.51965333
12.40518,5489.7901467
12.41418,5050.35003344
12.42032,4740.1195244
12.42645,4427.2879154
12.43872,3808.37739741
12.44772,3373.93088427
12.45222,3166.14097773
12.45672,2965.7984712
12.46122,2773.5779647
12.46572,2590.00465822
12.47022,2415.46125177
12.47472,2250.19454535
12.47922,2094.33243897
12.48372,1947.88903263
12.48822,1810.78012634
12.49272,1682.8350201
12.49722,1563.81141392
12.50172,1453.4035078
12.50622,1351.26050176
12.51071,1257.1918958
12.5144,1185.46049097
12.51808,1118.68018621
12.52176,1056.40778152
12.52544,998.399776896
12.52913,944.271472331
12.53281,894.075567855
12.53649,847.424363459
12.54017,804.088559146
12.54386,763.741054911
12.54754,726.386450778
12.55122,691.70764674
12.5549,659.5103428
12.55858,629.610638962
12.56226,601.835135228
12.56594,576.0206316
12.56962,552.014928082
12.57404,525.372624003
12.57845,500.959920096
12.58286,478.507616353
12.58727,457.827812775
12.59168,438.750109364
12.59609,421.12060612
12.6005,404.80020304
12.60491,389.664200124
12.60932,375.600097369
12.61373,362.507294772
12.61814,350.29569233
12.62255,338.884390038
12.62696,328.20108789
12.63137,318.181285883
12.63578,308.76718401
12.64019,299.906882264
12.64577,289.417680229
12.65134,279.675178378
12.65691,270.587676695
12.66248,262.091935164
12.66805,254.132793772
12.67362,246.661432507
12.67919,239.634871355
12.68476,233.015120304
12.69033,226.768439342
12.6959,220.864588459
12.70704,209.980616889
12.71818,200.179455524
12.72932,191.311234307
12.73808,184.911823425
12.74683,178.968592592
12.75559,173.424011793
12.76434,168.25231102
12.7731,163.407910263
12.78185,158.872109519
12.79061,154.608168783
12.79936,150.602398054
12.80812,146.824737327
12.81687,143.265106603
12.82563,139.89858588
12.83438,136.717735159
12.84314,133.701654437
12.85189,130.844883717
12.86939,125.554992277
12.8869,120.764020836
12.90441,116.410179395
12.92192,112.438967954
12.93942,108.806306515
12.95693,105.468915074
12.97444,102.395423633
12.99195,99.5569921926
13.00945,96.9300907527
13.02617,94.596299377
13.04288,92.4189380022
13.05959,90.3820066273
13.0763,88.4726952525
13.09302,86.6786138768
13.10973,84.991882502
13.12644,83.4024611271
13.14315,81.9023997522
13.15987,80.4837583766
13.17658,79.1418070017
13.19329,77.8699156269
13.21,76.662824252
13.24343,74.4238615015
13.27685,72.3931587518
13.31187,70.4580358704
13.34688,68.6947729899
13.3819,67.0803901086
13.41691,65.5973972281
13.45193,64.2294143467
13.48694,62.9641014662
13.52196,61.7894485848
13.55697,60.6961357043
13.59199,59.674602823
13.62701,58.7174499416
13.66203,57.8181570603
13.69704,56.9715441798
13.73206,56.1724612984
13.76707,55.4171554179
13.80209,54.7014175365
13.8371,54.022257656
13.87212,53.3762397747
13.90714,52.7608498933
13.97717,51.6125761314
14.0472,50.5605573696
14.11723,49.5912056077
14.17453,48.8517568932
14.23183,48.1553531787
14.28913,47.4980864643
14.34643,46.8757997498
14.40373,46.2838960353
14.46103,45.7191023208
14.51833,45.1794856064
14.57562,44.6632668927
14.69022,43.6930944637
14.80482,42.7953320348
14.91942,41.9592746058
15.03401,41.1763761777
15.13304,40.5371120298
15.23206,39.9285018828
15.33109,39.3472347349
15.43011,38.7906885878
15.52914,38.2565134399
15.62816,37.7439422945
15.8262,36.7712192339
16.02425,35.8574779664
16.22229,35.0038463372
16.42034,34.1899217204
16.61838,33.4167181039
16.82677,32.6423022984
17.03516,31.9028114928
17.24355,31.1939986872
17.45194,30.5128338816
17.66033,29.857158076
17.86872,29.2249562705
18.2855,28.0225656594
18.70228,26.8916580483
19.11906,25.8304324372
19.53584,24.813525826
19.95262,23.8447764172
20.0,23.7369897311
20.11998,23.4680121949
20.23995,23.2030727386
20.4799,22.6841688334
20.95979,21.678830023
21.43969,20.7222442126
21.91958,19.7970044022
22.39948,18.9115225918
22.87937,18.0557377815
23.35926,17.2248949712
23.83915,16.4185141609
24.15908,15.8944622873
24.47901,15.3802864137
24.79894,14.8747705501
24.87892,14.7497628007
24.9589,14.6252573164
24.99889,14.5631335164
25.01889,14.5321044408
25.03888,14.5011140867
25.05888,14.4701378639
25.07887,14.4392181419
25.09887,14.4083272394
25.11886,14.3774983442
25.14903,14.3310614637
25.1792,14.2847231884
25.23954,14.1922701902
25.36022,14.0078497851
25.60158,13.6415527128
26.08429,12.921581993
26.56701,12.21647929
26.80837,11.869139439
27.04972,11.52580957
27.53244,10.849942867
27.7738,10.518328016
28.01515,10.190255147
28.25651,9.867134295
28.49786,9.548025426
28.73922,9.235227575
28.98057,8.928774705
29.26004,8.5830333
29.5395,8.248860876
29.81897,7.928661469
30.09843,7.625592046
30.3779,7.343658639
30.51763,7.212233927
30.65736,7.088174216
30.7971,6.97238752
30.93683,6.86595881
31.07656,6.7700451
31.21629,6.68600938
31.41954,6.58830816
31.52116,6.55180536
31.62278,6.52432229
31.73882,6.5056573
31.85486,6.50207235
31.9709,6.51478929
32.08694,6.54655994
32.20298,6.60003685
32.261,6.63558116
32.31902,6.67740897
32.37704,6.72588858
32.43506,6.78145499
32.49308,6.84461289
32.55109,6.91588002
32.59146,6.97054886
32.63182,7.02956902
32.67218,7.09313937
32.71254,7.16146173
32.7529,7.23475308
32.77308,7.27333556
32.79326,7.31324944
32.81344,7.354525818
32.83362,7.397198496
32.8538,7.441299674
32.87398,7.486863252
32.90173,7.551975093
32.91561,7.585634807
32.92948,7.620016135
32.94336,7.655179749
32.95723,7.691089876
32.97111,7.7278108
32.98498,7.765305618
32.99886,7.803643232
33.01273,7.842783529
33.02661,7.882798823
33.04048,7.92364624
33.05436,7.965402004
33.06823,8.008021672
33.0821,8.051548479
33.09597,8.095998487
33.10859,8.137256778
33.1212,8.179264882
33.13381,8.222066157
33.14642,8.265667672
33.15904,8.310112553
33.17165,8.355337197
33.18426,8.401383442
33.19687,8.448258487
33.21453,8.515310319
33.23219,8.584022121
33.24985,8.654418433
33.26751,8.726529913
33.28517,8.800395315
33.30283,8.876059801
33.32049,8.953572564
33.33814,9.032945899
33.35202,9.096741713
33.36589,9.161735781
33.37977,9.228051975
33.39364,9.295626102
33.40752,9.364585776
33.42139,9.434861514
33.43526,9.506531831
33.44913,9.579624589
33.46301,9.654220473
33.47688,9.73023923
33.49076,9.807817364
33.50463,9.886868531
33.51851,9.967532595
33.53238,10.049719923
33.54625,10.13351575
33.56012,10.218947278
33.57526,10.314098005
33.5904,10.411272931
33.60554,10.510501658
33.62067,10.611772398
33.63581,10.715250025
33.65094,10.820831965
33.66608,10.928727292
33.68121,11.038812532
33.69509,11.141853447
33.70896,11.246803574
33.72284,11.353864588
33.73671,11.462904515
33.75059,11.574139029
33.76446,11.687434257
33.77833,11.802930284
33.7922,11.920650112
33.80608,12.040748726
33.81995,12.163068653
33.83383,12.287868267
33.8477,12.414988195
33.87545,12.676786036
33.90319,12.948772891
33.93094,13.231581132
33.95869,13.525556574
33.98644,13.831183515
34.01418,14.14882427
34.04193,14.479249111
34.06968,14.822892953
34.09743,15.180330794
34.12517,15.552048649
34.15292,15.93894549
34.18067,16.341582332
34.20842,16.760683173
34.23617,17.197016015
34.26392,17.651392856
34.29167,18.124653698
34.31942,18.617700539
34.34716,19.131301394
34.37113,19.592544297
34.39509,20.070467213
34.41906,20.566165116
34.44302,21.079964033
34.46699,21.613066936
34.49095,22.165860852
34.51492,22.739658755
34.53888,23.334915672
34.56285,23.953102575
34.58681,24.594730491
34.61078,25.261424394
34.63474,25.953782311
34.65871,26.673587214
34.68267,27.42153913
34.70663,28.199290047
34.73059,29.008259963
34.75834,29.986228805
34.78609,31.010654646
34.81384,32.084223487
34.84159,33.209824329
34.86934,34.39055717
34.89709,35.629755012
34.92484,36.930987853
34.95258,38.297600708
34.98033,39.734723549
35.00808,41.246336391
35.03583,42.837249232
35.06357,44.512032087
35.09132,46.277494929
35.11907,48.13910777
35.14682,50.103450611
35.17456,52.176903466
35.20988,54.988196171
35.2452,58.008018876
35.28052,61.256431581
35.31583,64.755004299
35.35115,68.531097004
35.38646,72.611159722
35.42178,77.029702427
35.45709,81.820565145
35.48484,85.874497987
35.51259,90.206980828
35.54034,94.84302367
35.56809,99.810526511
35.59584,105.140649353
35.62359,110.868312194
35.65134,117.032745036
35.67908,123.67565789
35.70683,130.851790732
35.73458,138.615393573
35.76233,147.030806415
35.79008,156.171469256
35.81783,166.121442098
35.84558,176.977384939
35.87333,188.850937781
35.90107,201.866550635
35.92882,216.184613477
35.9427,223.887194891
35.95657,231.977176318
35.97045,240.493157732
35.98432,249.45223916
35.99819,258.892720587
36.01206,268.849302015
36.02594,279.368083429
36.03981,290.475964856
36.05369,302.23504627
36.06756,314.679027697
36.08144,327.881909111
36.09531,341.886390539
36.10918,356.770071966
36.12305,372.608953394
36.13441,386.352038182
36.14576,400.830922984
36.15711,416.113207786
36.16846,432.261092588
36.17982,449.357877376
36.19117,467.448762178
36.20252,486.63154698
36.21387,506.998431781
36.22523,528.67201657
36.23658,551.728501372
36.24793,576.314886174
36.25928,602.575070975
36.27063,630.671155777
36.28198,660.786140579
36.29333,693.127825381
36.30468,727.932610183
36.31856,774.239791597
36.33243,825.171473024
36.34631,881.480954438
36.36018,943.895835866
36.36712,977.726826573
36.37406,1013.47251728
36.381,1051.28350799
36.38793,1091.26589871
36.39487,1133.71528941
36.4018,1178.70658013
36.40874,1226.58597084
36.41567,1277.45116156
36.42261,1331.70735227
36.42955,1389.56544298
36.43649,1451.33343368
36.44342,1517.2479244
36.45036,1587.86281511
36.4573,1663.48140582
36.46424,1744.53129652
36.47117,1831.34428725
36.47811,1924.66837795
36.48505,2024.91546866
36.49199,2132.65755937
36.49892,2248.32975009
36.50586,2372.91444079
36.51279,2506.73103151
36.51973,2650.88502222
36.52666,2805.71301294
36.53234,2941.26700534
36.53802,3085.09299773
36.5437,3237.64199012
36.54937,3399.08198253
36.55505,3570.44897492
36.56072,3751.60596733
36.5664,3943.66095973
36.57207,4146.39795214
36.57775,4360.98994453
36.58342,4587.11893694
36.5891,4826.00792933
36.59477,5077.21692174
36.60045,5342.00491413
36.60612,5619.77890654
36.6118,5911.81389893
36.61747,6217.33389134
36.62441,6610.60388205
36.63135,7025.35687276
36.63829,7461.67586346
36.64522,7918.79685418
36.65216,8397.76284489
36.6591,8897.4488356
36.66604,9417.1488263
36.67297,9955.13281702
36.68685,11084.8547984
36.70072,12272.4187799
36.72846,14752.4237427
36.74234,16000.5007241
36.75621,17216.8447056
36.77009,18373.703687
36.78396,19439.0746684
36.79854,20428.6606489
36.80583,20863.3676391
36.81311,21252.5506294
36.8204,21593.9396196
36.82768,21883.6426099
36.83497,22119.9146001
36.84225,22300.0265904
36.85113,22441.9235785
36.86,22496.6305666
36.86722,22476.4485569
36.87443,22398.5645473
36.88164,22263.7435376
36.88885,22073.226528
36.89606,21828.7495183
36.90327,21532.5245086
36.91048,21187.157499
36.91769,20795.6474893
36.93009,20024.2244727
36.94249,19145.1144561
36.95489,18178.8244395
36.96729,17146.7144229
37.01718,12748.5503561
37.02965,11680.2883394
37.04212,10653.8283227
37.05459,9679.33030602
37.06706,8764.30328932
37.07727,8062.96327565
37.08747,7407.08826199
37.09768,6796.05224832
37.10788,6230.90023466
37.11809,5709.68522099
37.12829,5232.02120733
37.13339,5008.7592005
37.13849,4795.52919367
37.14359,4592.05018684
37.14869,4398.02518001
37.15493,4173.04017166
37.16117,3961.1651633
37.16741,3761.80715495
37.17364,3574.65814661
37.17988,3398.51613825
37.18611,3233.35212991
37.19235,3078.05012155
37.19858,2932.53411321
37.20482,2795.77610485
37.21106,2667.4780965
37.2173,2547.11408814
37.22353,2434.3603798
37.22977,2328.37607144
37.236,2229.0466631
37.24224,2135.62125475
37.24847,2047.9933464
37.25471,1965.49463805
37.26095,1887.91002969
37.26719,1814.89932134
37.27342,1746.25191299
37.27966,1681.45050464
37.28589,1620.4279963
37.29213,1562.73158794
37.29836,1508.3076796
37.31083,1408.0494629
37.3233,1318.0726462
37.33577,1237.0235295
37.34824,1163.74601281
37.36072,1097.2032961
37.37319,1036.6603794
37.38566,981.3437627
37.39813,930.639746002
37.41061,883.986529291
37.42308,841.007012593
37.43555,801.272295895
37.44802,764.445579197
37.4605,730.207262486
37.47297,698.356745788
37.48544,668.64182909
37.49791,640.866112392
37.51038,614.855995694
37.52285,590.458178996
37.53532,567.535762298
37.54779,545.9670456
37.56027,525.627328889
37.57274,506.451612191
37.58521,488.334895493
37.59768,471.197978795
37.62262,439.583245399
37.64756,411.108912004
37.67251,385.352178594
37.69745,361.988545198
37.72239,340.716711803
37.74733,321.290678407
37.76434,308.99145563
37.78135,297.394532853
37.79836,286.447510075
37.81536,276.108687312
37.83237,266.322964534
37.84938,257.057641757
37.88339,239.954196216
37.91741,224.541220662
37.95142,210.622875121
37.98543,198.02376958
38.01944,186.601894039
38.04666,178.22855759
38.07387,170.485211155
38.10108,163.325024719
38.12829,156.710968284
38.1555,150.611871848
38.18271,145.002115413
38.20992,139.861308977
38.23713,135.174102542
38.27342,129.611673948
38.3097,124.829825367
38.34598,120.834856787
38.38226,117.654788206
38.41854,115.341169625
38.43668,114.533035335
38.45482,113.974201045
38.47296,113.680426754
38.4911,113.670382464
38.50924,113.966108174
38.52738,114.593633884
38.54439,115.510741106
38.5614,116.776238329
38.57841,118.424755552
38.58691,119.40467417
38.59541,120.495972788
38.60392,121.706491393
38.61242,123.040130011
38.62092,124.505668629
38.62942,126.111195247
38.63793,127.867532852
38.64643,129.78021047
38.65493,131.861899088
38.66343,134.124046706
38.67024,136.075290587
38.67704,138.154476482
38.68385,140.375420363
38.69065,142.740195258
38.69746,145.264827139
38.70426,147.951784033
38.71106,150.815457928
38.71786,153.867614822
38.72155,155.607309881
38.72523,157.403615953
38.72892,159.268462012
38.7326,161.194384085
38.73629,163.194198143
38.73997,165.259832216
38.74366,167.405523275
38.74734,169.622382347
38.75245,172.834486504
38.75755,176.203432675
38.76265,179.745020846
38.76775,183.469661017
38.77286,187.396482175
38.77796,191.522458345
38.78108,194.153914168
38.78419,196.861990003
38.78731,199.667425825
38.79042,202.555761661
38.79354,205.549327483
38.79666,208.642733305
38.79978,211.840159127
38.8029,215.14588495
38.8063,218.876990397
38.80942,222.424066219
38.81254,226.094232041
38.81566,229.892857863
38.81877,233.812503699
38.82189,237.884159521
38.82501,242.101785343
38.82813,246.471781165
38.83124,250.985957001
38.83436,255.680702823
38.83748,260.548968645
38.8406,265.598734468
38.84371,270.821220303
38.84683,276.258586125
38.84995,281.903381947
38.85307,287.76518777
38.85618,293.834163605
38.86044,302.532597901
38.86469,311.68009221
38.86894,321.326656519
38.87319,331.504220828
38.87744,342.246965137
38.88169,353.590989446
38.88594,365.575073755
38.89019,378.240018064
38.89331,387.996193886
38.89643,398.160979709
38.89955,408.753065531
38.90267,419.792391353
38.90579,431.299427175
38.90891,443.295532997
38.91203,455.803048819
38.91514,468.802504655
38.91826,482.401600477
38.92138,496.584326299
38.9245,511.376742122
38.92761,526.755297957
38.93073,542.846793779
38.93385,559.631489601
38.93697,577.139685424
38.94008,595.342281259
38.9432,614.388277081
38.94632,634.253372904
38.94944,654.971368726
38.95256,676.577464548
38.95568,699.10756037
38.9588,722.598456192
38.96192,747.088152014
38.96503,772.53204785
38.96815,799.133543672
38.97127,826.853039494
38.97439,855.732335317
38.9775,885.715231152
38.98062,917.037726974
38.98374,949.649122796
38.98686,983.594118619
38.98997,1018.80261445
38.99309,1055.54621028
38.99621,1093.7606061
38.99933,1133.49210192
39.00245,1174.78779774
39.00869,1262.26028939
39.01492,1356.39888105
39.02116,1457.88177269
39.02739,1566.75156435
39.03363,1683.71835599
39.03986,1808.75074765
39.0461,1942.57523929
39.05233,2085.06023095
39.05857,2236.9301226
39.0648,2397.92831425
39.07104,2568.7550059
39.07727,2748.99789756
39.08351,2939.3135892
39.08974,3139.10458086
39.09598,3348.9575725
39.10222,3568.42856415
39.10846,3797.30355579
39.11469,4034.89554745
39.12093,4281.57753909
39.12716,4536.07653075
39.13963,5067.71651405
39.14927,5495.94950114
39.15891,5935.61348824
39.17818,6832.82146243
39.19065,7412.41344573
39.20312,7978.09442904
39.21559,8517.98541234
39.22806,9019.98639564
39.24053,9472.23637894
39.253,9863.60936224
39.26182,10098.2063504
39.27063,10294.1293386
39.27944,10449.1353268
39.28825,10561.239315
39.3,10641.6572993
39.30294,10649.2342954
39.31249,10639.0762826
39.32204,10576.1732698
39.33159,10461.802257
39.34113,10298.2602442
39.35076,10086.1302313
39.36038,9830.65821846
39.37,9535.88920558
39.37962,9206.5441927
39.38958,8834.54617936
39.39954,8436.81816603
39.4095,8019.35215269
39.41946,7588.09213936
39.43939,6706.49011269
39.45931,5834.73808603
39.4729,5263.28906786
39.48649,4720.6980497
39.49329,4462.08804062
39.50008,4213.26603156
39.50687,3974.3140225
39.51366,3745.58401345
39.52363,3428.73100017
39.52861,3279.03299355
39.53359,3135.05898693
39.53857,2996.78898032
39.54355,2864.17897371
39.54853,2737.16896712
39.55351,2615.67496053
39.5585,2499.37195393
39.56348,2388.61294737
39.56846,2283.03494081
39.57344,2182.49793426
39.57842,2086.85792773
39.5834,1995.96092121
39.58838,1909.64591471
39.59336,1827.74860823
39.59835,1749.94890175
39.60333,1676.38809531
39.60831,1606.73468888
39.61329,1540.81768249
39.61827,1478.46707611
39.62325,1419.51446977
39.62823,1363.79466346
39.63321,1311.14525717
39.6382,1261.31085091
39.64318,1214.3370447
39.64816,1169.97173853
39.65314,1128.0709324
39.65812,1088.49562631
39.6631,1051.11252027
39.66808,1015.79361428
39.67306,982.417108336
39.68167,928.955698196
39.69027,880.447688246
39.69888,836.269078477
39.70748,796.059868927
39.71609,759.308959587
39.72469,725.727250495
39.73329,694.935441653
39.74189,666.635533075
39.7505,640.533324764
39.7591,616.454216751
39.76771,594.134209027
39.77631,573.44100162
39.78492,554.16439452
39.79352,536.20568775
39.80212,519.415781305
39.81072,503.683575188
39.81919,489.127069484
39.82766,475.417964099
39.83613,462.482659029
39.8446,450.25545427
39.85307,438.678249816
39.86154,427.69894566
39.87847,407.364238208
39.894,390.379832314
39.90952,374.794627247
39.92505,360.421422918
39.94057,347.138619246
39.9561,334.809816139
39.97162,323.349303518
39.98714,312.661381303
40.00266,302.67049942
40.01819,293.304627806
40.03371,284.518036407
40.04924,276.248485173
40.06476,268.461644068
40.08029,261.107613058
40.09581,254.16005212
40.11133,247.582481234
40.12685,241.346300384
40.14238,235.42216956
40.1579,229.794418754
40.18895,219.331457173
40.22,209.811695614
40.25104,201.116824064
40.28209,193.139772517
40.31314,185.798110971
40.34419,179.019029426
40.37523,172.742167881
40.40487,167.165836406
40.43451,161.955914931
40.46415,157.077153456
40.49378,152.500071982
40.52342,148.194450507
40.55306,144.137899032
40.5827,140.309137557
40.61233,136.690836082
40.64197,133.263504608
40.67161,130.013593133
40.70125,126.927391657
40.73088,123.993910183
40.76052,121.199958708
40.79015,118.537487234
40.84942,113.567654284
40.91152,108.813551194
40.97362,104.463468103
41.03572,100.466965013
41.09781,96.7823119233
41.15991,93.372678833
41.222,90.2089457431
41.2841,87.2644626528
41.34619,84.518369563
41.397,82.4053870345
41.4478,80.4042345065
41.49861,78.5067419781
41.54941,76.7074194501
41.60022,75.0005669216
41.65102,73.3831043936
41.70183,71.8520718651
41.75263,70.4074493371
41.7978,69.1963770893
41.84296,68.057664842
41.88812,66.9963725947
41.93328,66.0213203473
41.95586,65.5702392237
41.97844,65.1464581
42.00102,64.7529469764
42.0236,64.3934658527
42.04618,64.072734729
42.06876,63.7968036054
42.09134,63.5735024817
42.11392,63.4132013581
42.13792,63.3277201637
42.14992,63.3247295666
42.16191,63.3531189699
42.17391,63.4176883728
42.1859,63.5240877761
42.1979,63.6796271789
42.20989,63.8929065823
42.22189,64.1752659851
42.23388,64.5399153884
42.24588,65.0046147913
42.25787,65.5898941946
42.26987,66.3233135974
42.27587,66.7554432989
42.28186,67.2366030008
42.28786,67.7737327022
42.29386,68.3720024036
42.29986,69.037962105
42.30585,69.7775418069
42.31362,70.8612714203
42.32138,72.1016910341
42.32914,73.521780648
42.3369,75.1458502618
42.34467,77.0035898751
42.35243,79.120399489
42.36019,81.5318491028
42.36795,84.2745787166
42.37184,85.7865585231
42.37572,87.39289833
42.3796,89.1029081369
42.38348,90.9223379438
42.38736,92.8571577507
42.39124,94.9135575576
42.39512,97.0979273646
42.399,99.4168571715
42.40288,101.877106978
42.40676,104.485656785
42.41064,107.249616592
42.41452,110.176276399
42.4184,113.273096206
42.42228,116.547606013
42.42616,120.00748582
42.43004,123.660485627
42.43569,129.341445346
42.44133,135.461595065
42.44698,142.066754784
42.45262,149.157734503
42.45651,154.35040431
42.46039,159.784044117
42.46815,171.44208373
42.47591,184.200493344
42.48367,198.109982958
42.49144,213.234982571
42.4992,229.572652185
42.50696,247.168231799
42.51472,266.036901413
42.52249,286.207801026
42.53025,307.61687064
42.53801,330.261340254
42.54577,354.096099868
42.55353,379.057949481
42.56129,405.064529095
42.56905,432.014128709
42.57681,459.785308323
42.58599,493.504637866
42.59516,527.87020741
42.60434,562.654906953
42.61351,597.450416497
42.62903,655.436245724
42.64455,710.669164952
42.65443,743.51453446
42.66431,773.971563969
42.67137,794.009513617
42.67842,812.398633267
42.68619,830.60911288
42.69395,846.465672494
42.70191,860.141852098
42.71188,873.352181601
42.72004,880.777261195
42.72819,885.06048079
42.73,885.5817507
42.73637,886.167990383
42.74274,884.811790066
42.75269,878.845739571
42.76264,868.303669075
42.77237,853.764868591
42.78209,835.325568108
42.79181,813.291267624
42.80153,788.03096714
42.81391,751.837066524
42.82629,711.987165908
42.83601,678.754865424
42.84573,644.316164941
42.85545,609.122864457
42.86517,573.607563973
42.88462,503.160313005
42.89435,468.931332521
42.90407,435.809502037
42.91247,408.235741619
42.92087,381.771441201
42.92927,356.518860783
42.93766,332.583620366
42.94606,309.962839948
42.95445,288.74263953
42.96285,268.884889112
42.97124,250.431168695
42.97611,240.344718452
42.98097,230.729078211
42.98583,221.555577969
42.99069,212.815447727
42.99556,204.481807485
43.00042,196.578257243
43.00528,189.075317001
43.01014,181.960836759
43.01501,175.208316517
43.01987,168.832116275
43.02473,162.804366033
43.02959,157.111155791
43.03445,151.738475549
43.03931,146.672245307
43.04417,141.898485066
43.04903,137.403264824
43.05345,133.545324604
43.05787,129.896254384
43.06229,126.446124164
43.06671,123.185163944
43.07113,120.103873724
43.07555,117.193023504
43.07997,114.443663284
43.08438,111.852833065
43.08925,109.158552822
43.09411,106.63398258
43.09897,104.263222339
43.10383,102.036542097
43.1087,99.9404918543
43.11356,97.9749116125
43.11842,96.1270213706
43.12328,94.3889511288
43.12815,92.7500408864
43.13301,91.2100206446
43.13787,89.7588704027
43.14273,88.3904101609
43.14759,87.098909919
43.15245,85.8789696772
43.15731,84.7255694353
43.16217,83.6340191935
43.1719,81.6173687093
43.18162,79.8017982256
43.19134,78.1581877419
43.20106,76.6634072582
43.21079,75.296336774
43.22051,74.0429362903
43.23023,72.8873958066
43.23995,71.8174853229
43.25233,70.5625547068
43.2647,69.4128240912
43.27708,68.3518234751
43.28945,67.3693128596
43.30183,66.4538422435
43.3142,65.5987016279
43.32658,64.7957110119
43.33895,64.0404203963
43.35133,63.3267197802
43.3637,62.6516491646
43.38845,61.401257933
43.4132,60.2658367013
43.43794,59.2277524702
43.45916,58.4036894142
43.48037,57.6334523587
43.50159,56.9102113027
43.5228,56.2294912472
43.54402,55.5862371913
43.56523,54.9772891358
43.58644,54.3990580803
43.60765,53.8487010248
43.65008,52.8217049134
43.69251,51.8799658019
43.73494,51.0103786904
43.77736,50.2026575795
43.81626,49.5089166437
43.85515,48.8547317084
43.89404,48.2354917731
43.93293,47.6474868377
43.97183,47.0874119019
44.01072,46.5528659667
44.0885,45.5509070961
44.16629,44.6260262249
44.24407,43.7667213543
44.32185,42.9637704837
44.39963,42.2099136131
44.47388,41.5304259182
44.54813,40.8854042232
44.62238,40.2710325283
44.69662,39.6844408339
44.77087,39.1230901389
44.84512,38.585031444
44.99361,37.5715860546
45.14211,36.6314356647
45.2906,35.7548442753
45.43909,34.933914886
45.58758,34.1629214966
45.73608,33.4374591067
45.88458,32.7505067168
46.03308,32.0976423269
46.18157,31.4769919376
46.33007,30.8860435477
46.47856,30.3223841583
46.62706,29.7837707684
46.77555,29.268405379
47.07254,28.3005665998
47.36953,27.4072478205
47.66652,26.5789890413
47.96351,25.807958262
48.21808,25.1876405937
48.47264,24.6010689259
48.7272,24.0451282582
48.98176,23.5171355903
49.23632,23.0147129225
49.49088,22.5366552548
50.0,21.6424859043
50.11872,21.4444091131
50.25813,21.218341323
50.39753,20.9964407751
50.67633,20.5666664439
50.95514,20.1545537279
51.23394,19.759811411
51.79155,19.0150512781
52.34915,18.3243396441
52.90676,17.6795705113
53.46437,17.0756686784
54.02198,16.5073032455
54.57958,15.9699594115
55.23857,15.370481536
55.89756,14.8040565603
56.55655,14.2664296847
57.21553,13.753803108
57.87452,13.2648751324
58.20402,13.0246965951
58.53351,12.7913589567
59.1925,12.332188781
59.85148,11.887784704
60.25702,11.619819135
60.7867,11.275052639
61.31637,10.935123142
61.84604,10.598891744
62.37571,10.265272147
62.90538,9.933127242
63.43505,9.601322525
63.96472,9.268691506
64.49439,8.934039233
64.88777,8.683456611
65.28114,8.430570088
65.67452,8.174853665
66.06789,7.915811943
66.26458,7.784894982
66.46127,7.652952821
66.65796,7.51996326
66.85464,7.385917099
67.05133,7.250798537
67.24801,7.114429476
67.4447,6.976830015
67.64138,6.838055154
67.88178,6.666877213
68.12217,6.494113771
68.36257,6.31996633
68.60296,6.144799888
68.84336,5.969131446
68.96356,5.881345225
69.08375,5.793761005
69.20395,5.706515784
69.32415,5.619803563
69.44435,5.533841343
69.56454,5.448899122
69.71752,5.342743841
69.8705,5.23949756
70.02348,5.140075279
70.17645,5.045729999
70.32943,4.958152718
70.48241,4.879351437
70.5589,4.843992296
70.63539,4.811812156
70.71188,4.783239015
70.78836,4.758760875
70.90856,4.729911654
71.02876,4.715101433
71.14896,4.717468213
71.26916,4.740905992
71.32926,4.761999882
71.38936,4.790272771
71.44946,4.826522661
71.50956,4.871646551
71.56966,4.92664444
71.62976,4.99264103
71.68986,5.070907619
71.74995,5.162884409
71.79913,5.249539319
71.8483,5.347536128
71.89747,5.458070138
71.94664,5.582460848
71.99581,5.722181458
72.0204,5.798312212
72.04498,5.878874467
72.06957,5.964170522
72.09415,6.054382377
72.11874,6.149848132
72.14332,6.250772787
72.16108,6.327285254
72.17884,6.406944121
72.1966,6.489872989
72.21435,6.576156256
72.23211,6.666025424
72.24986,6.759524691
72.26762,6.856910358
72.28537,6.958230026
72.3004,7.047264458
72.31542,7.139320391
72.33045,7.234628903
72.34547,7.333178556
72.3605,7.435218858
72.37552,7.54073807
72.39055,7.650006793
72.40557,7.763015155
72.42743,7.934586325
72.43836,8.023654445
72.44928,8.114903895
72.46431,8.244314157
72.47933,8.37820575
72.49436,8.516933432
72.50938,8.660495945
72.52441,8.809276387
72.53943,8.963277859
72.55446,9.122916032
72.56948,9.288199004
72.58451,9.459577377
72.59953,9.637067549
72.61456,9.821158021
72.62958,10.011873294
72.64461,10.209745166
72.65963,10.414804339
72.67465,10.627500211
72.68967,10.848139283
72.7047,11.077229756
72.71972,11.314823228
72.73475,11.561622901
72.74977,11.817689473
72.7648,12.083794245
72.77982,12.360018618
72.79485,12.64720549
72.80987,12.945469363
72.8249,13.255718335
72.83992,13.578101908
72.85495,13.91363908
72.86997,14.262487052
72.885,14.625770025
72.90002,15.003706997
72.91504,15.39725597
72.93006,15.807212942
72.94509,16.234680914
72.96012,16.680274887
72.97515,17.144940859
72.99017,17.629344832
73.0052,18.135192804
73.02022,18.662933776
73.03525,19.214486749
73.05027,19.790411721
73.0653,20.392833694
73.08032,21.022442666
73.09535,21.681650638
73.11037,22.371259611
73.1254,23.094009583
73.14042,23.850881556
73.15545,24.644979528
73.17047,25.477510501
73.1855,26.351996473
73.20052,27.269897445
73.21555,28.235282418
73.23057,29.24992339
73.2456,30.318478363
73.26062,31.443153335
73.27564,32.628533307
73.29066,33.87887128
73.30569,35.199741252
73.32071,36.594430225
73.33574,38.070384197
73.35076,39.631720169
73.36579,41.287221142
73.38081,43.042081114
73.39583,44.905531087
73.41085,46.886611059
73.42588,48.996801031
73.44091,51.246051004
73.45594,53.646950976
73.47096,56.211790949
73.48599,58.959890921
73.50101,61.905580894
73.51604,65.073270866
73.53106,68.482170838
73.54609,72.163780811
73.56111,76.144320783
73.57614,80.465310756
73.59116,85.163290728
73.60619,90.2942107
73.62121,95.909870673
73.62872,98.921930659
73.63623,102.083010645
73.64374,105.403870631
73.65125,108.896290618
73.65877,112.578130604
73.66628,116.45369059
73.67379,120.543110576
73.6813,124.863260562
73.68882,129.438820549
73.69633,134.277830535
73.70384,139.408280521
73.71135,144.854380507
73.71887,150.650490493
73.72638,156.81015048
73.73389,163.372420466
73.7414,170.371740452
73.74891,177.845900438
73.75642,185.835620425
73.76393,194.385720411
73.77144,203.544530397
73.77896,213.378220383
73.78647,223.917760369
73.79398,235.237460356
73.80149,247.403860342
73.80901,260.506760328
73.81652,274.588760314
73.82403,289.7493603
73.83154,306.077160287
73.83906,323.691260273
73.84657,342.645760259
73.85408,363.070260245
73.86159,385.078360231
73.86911,408.822360218
73.87662,434.365360204
73.88413,461.86966019
73.89164,491.473460176
73.89916,523.364360162
73.90667,557.606060149
73.91418,594.393060135
73.92169,633.882960121
73.92921,676.294560107
73.93672,721.678660093
73.94423,770.25446008
73.95174,822.186860066
73.95926,877.716260052
73.96677,936.856860038
73.97428,999.838260024
73.98179,1066.81276001
73.98931,1138.02306
73.99682,1213.41615998
74.00433,1293.20885997
74.01184,1377.51285995
74.01936,1466.54585994
74.02687,1560.15025993
74.03438,1658.50005991
74.04189,1761.6322599
74.04941,1869.70625989
74.05692,1982.42125987
74.06443,2099.87445986
74.07194,2221.99445985
74.07946,2348.84645983
74.08697,2479.95445982
74.10199,2754.69945979
74.11701,3044.55145976
74.13203,3347.06345973
74.16208,3977.45345968
74.19213,4614.46345962
74.21126,5006.06245959
74.23038,5373.85545955
74.2454,5639.11845953
74.26042,5877.9644595
74.27615,6094.58445947
74.29188,6272.11245944
74.30306,6372.24345942
74.31423,6449.3104594
74.3254,6502.51245938
74.33657,6531.23645936
74.34,6535.08745935
74.34344,6536.59845935
74.35462,6525.24745933
74.36579,6489.2584593
74.37696,6429.12745929
74.38813,6345.63645926
74.40264,6204.07845924
74.41714,6028.01045921
74.43559,5759.64045918
74.45404,5449.52445914
74.46757,5200.93445912
74.4811,4938.69045909
74.50816,4388.43845904
74.53522,3827.83545899
74.54875,3551.77545897
74.56228,3282.24845894
74.58196,2906.55545891
74.5918,2727.54945889
74.60164,2555.19845887
74.61148,2389.94445885
74.62132,2232.12215884
74.63116,2081.96955882
74.641,1939.6358588
74.64777,1846.28445879
74.65453,1756.79495877
74.6613,1670.88445876
74.66806,1588.77635875
74.67483,1510.18275874
74.68159,1435.27955873
74.68836,1363.77735871
74.69512,1295.8108587
74.70189,1231.09325869
74.70865,1169.72375868
74.71542,1111.42205866
74.72218,1056.25705865
74.72895,1003.95845864
74.73571,954.570458626
74.74247,907.901658614
74.74923,863.838958601
74.756,822.208858589
74.76276,783.020558577
74.76953,746.045358564
74.77629,711.280958552
74.78306,678.514958539
74.78982,647.736858527
74.79659,618.750858514
74.80335,591.541558502
74.81012,565.92965849
74.81688,541.896158477
74.82365,519.278858465
74.83041,498.057158452
74.83718,478.08445844
74.84394,459.340358427
74.85071,441.693258415
74.85747,425.123458403
74.86393,410.207858391
74.87039,396.133158379
74.87685,382.846258367
74.8833,370.315858355
74.88976,358.455858343
74.89622,347.241758331
74.90268,336.63185832
74.90913,326.601958308
74.92205,308.060258284
74.93496,291.37925826
74.94787,276.311648237
74.96078,262.655678213
74.9737,250.227048189
74.98661,238.893778165
74.99953,228.507458142
75.01244,218.971368118
75.02536,210.173438094
75.03827,202.043558071
75.05118,194.502288047
75.06409,187.487188023
75.07762,180.640927998
75.09115,174.259117974
75.10468,168.295297949
75.11821,162.708817924
75.13174,157.464387899
75.14527,152.531157874
75.1588,147.881917849
75.17233,143.492637824
75.18586,139.3421778
75.19939,135.411607775
75.22645,128.144287725
75.25351,121.575257675
75.28057,115.610367626
75.29902,111.849437592
75.31747,108.311937558
75.33592,104.979177524
75.35437,101.83446749
75.37282,98.862917456
75.39127,96.051137422
75.40972,93.387077389
75.42816,90.861177355
75.46506,86.178587287
75.50196,81.936297219
75.53886,78.077397151
75.57575,74.555127084
75.60281,72.161257034
75.62987,69.912486984
75.65693,67.796606935
75.68399,65.802716885
75.71105,63.921046835
75.73811,62.142846785
75.76517,60.460196736
75.79222,58.866556686
75.81928,57.354276636
75.84634,55.918106587
75.90046,53.253216487
75.95458,50.834556388
76.00869,48.631296289
76.06281,46.616366189
76.11693,44.76790809
76.17105,43.06694299
76.22516,41.497531891
76.27928,40.045066792
76.33339,38.697962692
76.38751,37.445070593
76.44162,36.277539494
76.49574,35.186680394
76.54986,34.165449295
76.60398,33.207495196
76.65809,32.307374096
76.71221,31.459831997
76.76633,30.660684897
76.82045,29.906031798
76.87456,29.192521699
76.92868,28.516697599
76.9828,27.8758385
77.03692,27.2673474
77.09103,26.688964301
77.14515,26.138328202
77.19927,25.613596102
77.3075,24.634994904
77.41574,23.740499705
77.52397,22.919818506
77.63221,22.163968307
77.74044,21.465558108
77.84868,20.81810091
77.95691,20.216296711
78.06514,19.655501512
78.17337,19.131498314
78.33081,18.426791025
78.48824,17.781339735
78.64567,17.187671446
78.8031,16.639606157
78.96053,16.131669862
79.11796,15.659115468
79.27539,15.218002328
79.43282,14.8049187
79.56362,14.480704843
79.69441,14.172015037
79.82521,13.877473412
79.956,13.596010596
80.0868,13.326519753
80.21759,13.06807791
80.47918,12.580827223
80.74077,12.128166535
81.00236,11.705071847
81.26395,11.30735816
81.52554,10.931552472
81.71578,10.670310609
81.92981,10.387199137
82.14384,10.114411665
82.35787,9.851000194
82.57189,9.596263723
82.78592,9.349737251
82.89294,9.229491015
82.99995,9.111305779
83.10697,8.995271543
83.21398,8.881604307
83.32099,8.770550072
83.428,8.662439836
83.52907,8.563465002
83.63014,8.468117169
83.73121,8.377204335
83.83228,8.291852501
83.88282,8.251736083
83.93335,8.213672667
83.98389,8.17796725
84.03442,8.145023833
84.08496,8.115303416
84.13549,8.089392999
84.18602,8.068000582
84.23655,8.052002166
84.29006,8.042169548
84.34357,8.041293929
84.39708,8.051548311
84.42383,8.061713503
84.45058,8.075809694
84.47734,8.094363885
84.50409,8.117974076
84.53084,8.147363267
84.55759,8.183389458
84.58435,8.227106649
84.6111,8.27973984
84.63785,8.342837032
84.6646,8.418338223
84.68095,8.471626117
84.6973,8.531155012
84.71365,8.597750906
84.73,8.672406801
84.74635,8.756321695
84.7627,8.85096459
84.77905,8.958139484
84.7954,9.080087379
84.81175,9.219599273
84.8281,9.380172168
84.84445,9.566199062
84.8608,9.783204957
84.87715,10.038131851
84.88533,10.182549298
84.8935,10.339692746
84.90168,10.511379193
84.90985,10.69878864
84.91802,10.903901088
84.92619,11.128698535
84.93808,11.495606731
84.94997,11.916623927
84.95592,12.150362525
84.96186,12.400671123
84.96781,12.669721721
84.97375,12.958031319
84.98193,13.390113766
84.9901,13.866114214
84.99828,14.391879661
85.00645,14.971197108
85.01463,15.611026555
85.0228,16.315761003
85.03098,17.09358845
85.03915,17.949531897
85.04733,18.893136344
85.0555,19.930002792
85.06368,21.071135239
85.07185,22.322681686
85.08003,23.697147133
85.0882,25.201066581
85.09637,26.846413028
85.10454,28.643947476
85.11272,30.607318923
85.12089,32.74322537
85.12907,35.068650817
85.13724,37.589858265
85.14542,40.325110712
85.15359,43.279785159
85.16177,46.473115606
85.16994,49.909075054
85.17812,53.607534501
85.18629,57.570414948
85.19447,61.817773395
85.20264,66.348794843
85.21082,71.18320429
85.21899,76.316666737
85.22717,81.767994184
85.23534,87.528572632
85.24352,93.615628079
85.25169,100.015538526
85.25987,106.743245973
85.26804,113.779418421
85.27622,121.136144868
85.28439,128.787622315
85.29257,136.742593762
85.30074,144.96861321
85.30892,153.470109657
85.31709,162.207843104
85.32527,171.181891551
85.33344,180.346180999
85.34979,199.179049893
85.36613,218.446148788
85.38397,239.650927582
85.4018,260.611116377
85.41369,274.235075573
85.43005,292.222784466
85.44639,308.976643362
85.46274,324.167432256
85.47909,337.443411151
85.49544,348.496990045
85.51179,357.06610894
85.5262,362.393417965
85.53627,364.820457284
85.54634,366.155276603
85.55,366.367246356
85.55733,366.35245586
85.56832,365.235165117
85.5793,362.820914375
85.58835,359.876133763
85.5974,356.093503151
85.60645,351.502812539
85.61549,346.146351928
85.62865,337.057011038
85.64181,326.566620148
85.65991,310.149408924
85.678,291.860737701
85.6961,272.166896477
85.71419,251.581565254
85.72982,233.436774197
85.74545,215.264203141
85.76108,197.327722084
85.7767,179.871641028
85.7948,160.490229804
85.80385,151.215259192
85.81289,142.261428581
85.82194,133.629577969
85.83099,125.346487357
85.84004,117.424816745
85.84908,109.881716134
85.86142,100.191295299
85.86759,95.609924882
85.87376,91.204144465
85.87993,86.972964048
85.8861,82.91487363
85.89227,79.027853213
85.89843,75.315332797
85.9046,71.762372379
85.91077,68.371871962
85.91694,65.140251545
85.92311,62.063641128
85.92928,59.137900711
85.93545,56.358670294
85.94162,53.721429876
85.94778,51.22544946
85.95683,47.796718848
85.96588,44.637728236
85.97493,41.732907624
85.98397,39.069467013
85.99302,36.626076401
86.00207,34.390635789
86.01112,32.348325177
86.02016,30.486784566
86.02921,28.788125954
86.03826,27.241350342
86.04731,25.83395173
86.05635,24.555459119
86.0654,23.391944507
86.07444,22.335604896
86.08349,21.374433284
86.09253,20.5015966725
86.10076,19.775828116
86.10898,19.1104885602
86.11721,18.4986470037
86.12543,17.9368894479
86.13366,17.4193408915
86.14188,16.9431263357
86.15011,16.5033087792
86.15833,16.0975082234
86.16738,15.6856956115
86.17643,15.3068709995
86.18548,14.9576343876
86.19452,14.6352877764
86.20357,14.3363981645
86.21262,14.0589075525
86.22167,13.8006499406
86.23071,13.5599533294
86.23976,13.3345737174
86.24881,13.1232621055
86.2669,12.7377878823
86.285,12.3940036585
86.30309,12.0851274353
86.32119,11.8051532115
86.33928,11.5498999883
86.35738,11.3155027645
86.37547,11.0993405413
86.39357,10.8988353175
86.41166,10.7122940943
86.42975,10.5380168711
86.44784,10.374676648
86.4791,10.1149945343
86.51035,9.8800414213
86.54161,9.6659853076
86.57286,9.4700201947
86.60412,9.289621081
86.63537,9.122928968
86.66663,8.9681918543
86.69788,8.8241287413
86.72914,8.6894706277
86.76039,8.5633065147
86.8229,8.332962288
86.88541,8.1275010614
86.94791,7.9426808354
87.00055,7.8005412761
87.05319,7.6690537168
87.10583,7.5468931575
87.15846,7.4329825989
87.23084,7.2881187049
87.30322,7.1552098109
87.3756,7.0327829169
87.44797,6.9197010235
87.52035,6.8150161295
87.59273,6.7180162355
87.73748,6.5449204481
87.88224,6.3972476601
88.02699,6.2734798727
88.17175,6.1733350847
88.3165,6.0976732973
88.45468,6.0500219542
88.59285,6.0290056117
88.73103,6.0382412686
88.80012,6.055655597
88.8692,6.0825379261
88.93829,6.1197172546
89.00738,6.168121583
89.07647,6.2287909115
89.14555,6.3028832406
89.21464,6.391752569
89.28373,6.4969174974
89.35282,6.6201509259
89.4219,6.763475155
89.47125,6.8794600182
89.5206,7.0078436813
89.56995,7.1496601445
89.6193,7.3060491077
89.66865,7.4782578708
89.69333,7.5707402021
89.718,7.667667334
89.74268,7.7693125652
89.76735,7.8758018972
89.79202,7.9873899291
89.81669,8.104305561
89.83643,8.2018556263
89.85617,8.3031009915
89.87591,8.4081752568
89.89565,8.5172206221
89.91539,8.6303834873
89.93513,8.7478179526
89.95487,8.8696860179
89.97461,8.9961542831
89.99271,9.1163089593
90.0108,9.2405507561
90.0289,9.3691658823
90.04699,9.5021651891
90.06509,9.6398566253
90.08318,9.7822548421
90.10128,9.9296924283
90.11937,10.0821871451
90.13911,10.2546855304
90.15885,10.4337776256
90.17695,10.6040410318
90.19504,10.7802040686
90.21314,10.9626896748
90.23123,11.1515489316
90.24933,11.3472281078
90.26742,11.5497934846
90.28551,11.7596063614
90.3036,11.9769672383
90.3217,12.2023053144
90.33979,12.4356994913
90.35789,12.6777261674
90.37598,12.9284718443
90.39408,13.1885836204
90.41217,13.4581771972
90.43026,13.7377700741
90.44835,14.0278217509
90.46645,14.3289276271
90.48454,14.6412458039
90.50264,14.9656121801
90.52073,15.3021981569
90.53883,15.6519332331
90.55692,16.0150148099
90.57502,16.392469786
90.59311,16.7845146629
90.61121,17.192288739
90.6293,17.6160699159
90.6474,18.057096692
90.66549,18.5157034689
90.68359,18.993261245
90.70168,19.4901460218
90.71977,20.0076127987
90.73786,20.5466775755
90.75596,21.1087623517
90.77405,21.6944091285
90.79215,22.3055009047
90.81024,22.9426956815
90.82834,23.6081064576
90.84643,24.3024882345
90.86453,25.0282060106
90.88262,25.7861867875
90.90072,26.5790955636
90.91881,27.4080013405
90.93691,28.2759251166
90.955,29.1841448934
90.9731,30.1361026696
90.99119,31.1333094464
91.00929,32.1796682226
91.02738,33.2770289994
91.04548,34.4298297756
91.06357,35.6402995524
91.08167,36.9135413286
91.09976,38.2522351054
91.11786,39.6622798816
91.13595,41.1469206584
91.15404,42.7121354352
91.17213,44.3635992121
91.19023,46.1084819882
91.20832,47.9516137651
91.22642,49.9024425412
91.24451,51.966921318
91.26261,54.1562300942
91.2807,56.477788871
91.29879,58.9435576479
91.31688,61.5655064247
91.33498,64.3585152009
91.35307,67.3342139777
91.37117,70.5124227538
91.38926,73.9080115307
91.40736,77.5454803068
91.42545,81.4440790837
91.44355,85.6345378598
91.46164,90.1421966367
91.47974,95.0062254128
91.49783,100.26049419
91.51593,105.955962966
91.53402,112.138641743
91.55212,118.876160519
91.57021,126.232089296
91.57926,130.171008684
91.5883,134.293268073
91.59735,138.62077746
91.60639,143.157816849
91.61544,147.929526237
91.62449,152.947435626
91.63354,158.229455014
91.64258,163.788934402
91.65163,169.65930379
91.66068,175.857833178
91.66973,182.409962566
91.67877,189.335301955
91.68782,196.679421343
91.69687,204.467760731
91.70592,212.73602012
91.71496,221.513169508
91.72401,230.861318896
91.73306,240.816888284
91.74211,251.430217672
91.75115,262.742817061
91.7602,274.838516449
91.76925,287.769115837
91.7783,301.603515226
91.78734,316.398914614
91.79639,332.268314002
91.80544,349.28151339
91.81449,367.530712778
91.82353,387.091912167
91.83258,408.112911555
91.84163,430.684710943
91.85068,454.925310331
91.85972,480.92980972
91.86877,508.887109108
91.87781,538.873008497
91.88686,571.097707885
91.8959,605.639807274
91.90331,635.815806773
91.91071,667.719106273
91.91811,701.478505772
91.92551,737.184705272
91.93292,774.982204771
91.94032,814.86170427
91.94772,856.96630377
91.95512,901.38890327
91.96253,948.287002769
91.96993,997.625402268
91.97733,1049.55490177
91.98473,1104.16260127
91.99214,1161.61140077
91.99954,1221.82590027
92.00694,1284.95629977
92.01434,1351.07159927
92.02339,1436.07689865
92.03244,1525.73829804
92.04149,1620.13509743
92.05053,1719.21269682
92.05958,1823.22329621
92.06863,1932.06599559
92.07768,2045.71759498
92.08672,2163.98859437
92.09577,2287.05059376
92.10482,2414.64959315
92.12291,2682.60959192
92.141,2966.2005907
92.15909,3262.95658948
92.17719,3569.90158825
92.19528,3882.88658703
92.23147,4509.47458458
92.24957,4812.79258336
92.26766,5101.86458214
92.28576,5371.33358091
92.30385,5615.33957969
92.31492,5749.90257894
92.32599,5871.90057819
92.33706,5980.30357744
92.34813,6074.1885767
92.3585,6148.24957599
92.36888,6208.35257529
92.37925,6253.93057459
92.38963,6284.73057389
92.4,6300.47157319
92.40519,6302.67557284
92.42335,6280.61257161
92.4415,6212.97957038
92.45188,6154.47156968
92.46225,6082.19656898
92.47387,5985.53856819
92.48548,5873.36456741
92.49709,5746.70756662
92.5087,5606.78856584
92.52063,5450.58056503
92.53256,5283.26456423
92.55642,4921.58656261
92.57661,4595.17656125
92.5968,4258.17555988
92.63717,3580.67855715
92.65736,3252.24055579
92.67754,2937.52355442
92.69773,2639.94055306
92.70782,2498.58955238
92.71791,2362.49955169
92.7326,2174.1448507
92.74728,1997.82424971
92.76196,1833.56344871
92.77664,1681.32454772
92.78674,1583.46154704
92.79683,1491.17584636
92.80693,1404.15004567
92.81702,1322.39934499
92.82712,1245.58534431
92.83721,1173.66834363
92.8473,1106.36674294
92.85739,1043.46904226
92.86749,984.701441579
92.87758,929.960440897
92.88768,878.916240214
92.89777,831.451139532
92.90787,787.255238849
92.91796,746.205338167
92.92805,708.052237484
92.93814,672.599236802
92.94824,639.626536119
92.95833,609.019135437
92.96843,580.545434754
92.97852,554.100734072
92.98862,529.480333389
92.99871,506.590732707
93.00881,485.253532024
93.0189,465.386831341
93.029,446.836230659
93.03909,429.532129976
93.04919,413.341629293
93.05928,398.206128611
93.06938,384.012127928
93.07947,370.711227246
93.08956,358.218726564
93.09965,346.470525882
93.11434,330.577224888
93.12902,315.985523896
93.1437,302.541922903
93.15838,290.12292191
93.17306,278.619920918
93.18774,267.937989925
93.20242,257.994408933
93.2171,248.71632794
93.23179,240.034196947
93.24647,231.903855954
93.26115,224.269634962
93.27583,217.087843969
93.29051,210.319892977
93.30519,203.931271984
93.31987,197.891390991
93.33455,192.172849999
93.35474,184.788218633
93.37493,177.908777268
93.39512,171.485795903
93.4153,165.479194539
93.43549,159.845643174
93.45568,154.554961808
93.47587,149.577890443
93.49605,144.890669079
93.51624,140.465377714
93.53643,136.283636348
93.55662,132.326724983
93.5768,128.579593619
93.59699,125.023302254
93.61717,121.647620889
93.65754,115.382238159
93.69792,109.694665429
93.73829,104.5147327
93.77867,99.7783499692
93.81904,95.4357472396
93.85942,91.4402745092
93.89979,87.7557417796
93.94017,84.3473390493
93.98054,81.1881563196
94.01908,78.3809337137
94.05762,75.7582811078
94.09616,73.3033585019
94.1347,71.001305896
94.17324,68.8389232901
94.21178,66.8044406842
94.25032,64.8874080783
94.28885,63.0788654731
94.32739,61.3694728672
94.36593,59.7521502613
94.40447,58.2199976553
94.44301,56.7668550494
94.48155,55.3870524435
94.52009,54.0754498376
94.59716,51.6388446265
94.63754,50.4524918962
94.67791,49.3230291665
94.75866,47.2187677066
94.83941,45.2995112466
94.92016,43.5428217866
95.00091,41.9296853267
95.08166,40.4438448667
95.16241,39.0714064067
95.24316,37.8003959468
95.30556,36.8810917276
95.36796,36.0119465084
95.43036,35.1891332891
95.49275,34.4092400706
95.55515,33.6688028514
95.61754,32.9650696328
95.67994,32.2951274136
95.74233,31.6567951951
95.86713,30.4661187567
95.99192,29.3786153189
96.11671,28.3818818812
96.2415,27.4653224434
96.32225,26.9105869834
96.403,26.3834065235
96.48375,25.8817800635
96.5645,25.4039086035
96.64525,24.9481711436
96.726,24.5130746836
96.8875,23.6994297637
97.049,22.9533868438
97.2105,22.2668289239
97.372,21.6328890039
97.53349,21.0456990847
97.72436,20.4050761789
97.91522,19.8156222738
98.10608,19.2712743687
98.29694,18.7670374635
98.4878,18.2988815584
98.67866,17.8629716533
98.86952,17.4550907481
99.06038,17.072343843
99.29529,16.6327689597
99.53019,16.2244461057
99.7651,15.8438780373
99.88255,15.6630450665
100.0,15.4880436262
100.1391,15.2879887334
100.2782,15.0953419354
100.5563,14.7306289242
100.8345,14.3903733033
101.1126,14.0721257855
101.3908,13.7733862706
101.6689,13.4923660528
101.9471,13.2271598379
102.2252,12.9765854202
102.4907,12.7502275316
102.7562,12.5343686431
103.0217,12.3280040545
103.2872,12.130737166
103.5527,11.9419681775
103.8182,11.761003289
104.0837,11.5872180005
104.3492,11.4201663119
104.6147,11.2592952234
104.8802,11.1041880349
105.4112,10.8097630579
105.9422,10.5341008809
106.4732,10.2748546038
106.8272,10.1101820191
107.1812,9.9514288344
107.5352,9.7981346497
107.8892,9.6498846651
108.5972,9.3670516956
109.3052,9.1003319263
110.0132,8.8486482569
110.7212,8.6076310875
111.4292,8.3771663181
112.1372,8.1559801487
112.8452,7.9428754793
113.5532,7.7367526099
114.2612,7.5366280405
114.9692,7.3416543712
115.6772,7.1511026018
116.3852,6.9643311324
117.0932,6.780747263
117.8012,6.5997794936
118.7115,6.3700104762
119.6218,6.1424563589
120.5321,5.9160119415
120.9872,5.8028979313
121.4423,5.6896268212
121.8975,5.576117314
122.3526,5.4621839038
122.8078,5.3477298966
123.2629,5.2326291864
123.7181,5.1168139792
124.1732,4.999931569
124.6283,4.8819164589
125.0834,4.7626207487
125.488,4.6553564896
125.8925,4.5468558302
126.4402,4.3977410107
126.9878,4.2458597982
127.5354,4.0908933774
128.083,3.9325615567
128.3568,3.8520518463
128.6306,3.7706139359
128.9044,3.6882233255
129.1782,3.6048567151
129.452,3.5205174048
129.7258,3.4352267944
129.9996,3.349007584
130.2734,3.2617805737
130.5746,3.1647504622
130.8758,3.0667128507
131.177,2.9678076392
131.4781,2.8682643281
131.7793,2.7682935166
132.0805,2.6683055051
132.3817,2.5688136936
132.5323,2.5194626379
132.6828,2.4705441825
132.9019,2.400305274
133.1209,2.3316741659
133.34,2.2651610573
133.559,2.2015354492
133.7781,2.1416247407
133.9971,2.0865782325
134.2161,2.0376831244
134.4351,1.9965854162
134.572,1.975853111
134.7089,1.9597628058
134.8458,1.9490804007
134.9827,1.9446666955
135.1196,1.9475255903
135.2565,1.9588484851
135.325,1.9681263323
135.3934,1.9800620799
135.4619,1.9949163271
135.5303,2.0128918747
135.5885,2.03085796
135.6467,2.0514689452
135.7049,2.0749140304
135.7631,2.1013976157
135.8213,2.1311410009
135.8795,2.1643850861
135.9377,2.2013877714
135.9958,2.242358467
136.0335,2.2712415278
136.0711,2.3019516991
136.1088,2.33474787
136.1464,2.3695534312
136.1841,2.4066572021
136.2217,2.4459715033
136.2593,2.4877087146
136.2969,2.5319906558
136.3243,2.5659357647
136.3517,2.6013535436
136.3791,2.6382984725
136.4064,2.6766851018
136.4441,2.7323890926
136.4818,2.7913706635
136.5195,2.8538028544
136.5571,2.9196899056
136.5948,2.9895796065
136.6324,3.0633076578
136.6701,3.1414886787
136.7077,3.2239437099
136.7454,3.3113611708
136.783,3.403546252
136.8207,3.5012731129
136.8583,3.6043290742
136.8772,3.6583384044
136.896,3.713585935
136.9148,3.7703944657
136.9336,3.8288111963
136.9525,3.8892070265
136.9713,3.9509915572
136.9901,4.0145302878
137.0089,4.0798753184
137.0278,4.1474436487
137.0466,4.2165752793
137.0654,4.2876816099
137.0842,4.3608233406
137.1031,4.4364662708
137.1219,4.5138770014
137.1407,4.5935152321
137.1595,4.6754513627
137.1784,4.7602120929
137.1972,4.8469752236
137.216,4.9362590542
137.2348,5.0281456848
137.2536,5.1227184154
137.2724,5.2200624461
137.2912,5.3202679767
137.31,5.4234294073
137.3289,5.5302158376
137.3477,5.6395997682
137.3665,5.7522422988
137.3853,5.8682535294
137.4042,5.9883900597
137.423,6.1115015903
137.4606,6.3690224516
137.4983,6.6432393125
137.5359,6.9338361737
137.5736,7.2436000346
137.6112,7.5722378958
137.6489,7.9229707567
137.6865,8.295543618
137.7242,8.6936984788
137.7618,9.1172413401
137.7995,9.570539201
137.8371,10.0534990622
137.8748,10.5712429231
137.9124,11.1238327843
137.9501,11.7173126452
137.9877,12.3519635065
138.0254,13.0349763674
138.063,13.7669492286
138.1007,14.5564970895
138.1383,15.4046819507
138.1759,16.319392812
138.2135,17.3071896732
138.2512,18.3784615341
138.2888,19.5358683954
138.3265,20.7951012562
138.3641,22.1602301175
138.383,22.8914250477
138.4018,23.6508549784
138.4206,24.444094909
138.4394,25.2730948396
138.4583,26.1446447699
138.4771,27.0517847005
138.4959,28.0014146311
138.5147,28.9961145617
138.5336,30.044364492
138.5524,31.1381044226
138.5712,32.2859943532
138.59,33.4915542839
138.6089,34.7655542141
138.6277,36.0986441447
138.6465,37.5019440754
138.6653,38.980364006
138.6842,40.5478239363
138.703,42.1936338669
138.7218,43.9323537975
138.7406,45.7710537281
138.7595,47.7282736584
138.7783,49.791953589
138.7971,51.9817835196
138.8159,54.3084234503
138.8339,56.6752533838
138.8519,59.1900333174
138.8699,61.865823251
138.8878,64.7008731849
138.9058,67.7432231185
138.9238,70.9960630521
138.9418,74.4804329857
138.9597,78.1986729196
138.9777,82.2194628532
138.9957,86.5539427868
139.0137,91.2379127203
139.0316,96.2832426543
139.0496,101.793632588
139.0675,107.762132522
139.0855,114.318762455
139.1034,121.463462389
139.1223,129.77645232
139.1317,134.239382285
139.1411,138.94130225
139.1505,143.899302216
139.1599,149.131842181
139.1693,154.658812146
139.1787,160.501652111
139.1882,166.751152076
139.1976,173.300772042
139.207,180.241082007
139.2164,187.600951972
139.2258,195.410971938
139.2352,203.704101903
139.2446,212.515621868
139.254,221.883221834
139.2635,231.956291798
139.2729,242.566031764
139.2823,253.860671729
139.2917,265.888321695
139.3011,278.70027166
139.3105,292.350471625
139.3199,306.89587159
139.3293,322.396171556
139.3388,339.096171521
139.3482,356.710571486
139.3576,375.478271451
139.367,395.471171417
139.3764,416.763671382
139.3858,439.432371347
139.3952,463.557171313
139.4046,489.219371278
139.4141,516.801871243
139.4235,545.809971208
139.4329,576.611571173
139.4423,609.294071139
139.4517,643.945171104
139.4611,680.652671069
139.4705,719.503571035
139.4799,760.583471
139.4894,804.450870965
139.4988,850.26417093
139.5082,898.550270896
139.5176,949.382970861
139.527,1002.83087083
139.5364,1058.95687079
139.5458,1117.81657076
139.5552,1179.45807072
139.5689,1274.35827067
139.5826,1375.33337062
139.5963,1482.41777057
139.61,1595.58847052
139.6237,1714.76097047
139.6374,1839.78387042
139.6511,1970.42857037
139.6647,2105.38417032
139.6836,2300.92087025
139.7024,2503.48617018
139.74,2926.27677004
139.7776,3359.0417699
139.8152,3782.15676976
139.8341,3984.26076969
139.8529,4174.42876962
139.8718,4351.79876955
139.8906,4511.72776948
139.9097,4654.70176941
139.9287,4775.02076934
139.9477,4871.42276927
139.9667,4942.2387692
139.9834,4982.37176914
140.0,5001.21276908
140.0029,5002.32876907
140.0117,5001.74976904
140.0205,4995.21176901
140.0381,4964.41376894
140.0557,4910.47576888
140.0732,4834.78776881
140.0864,4763.86976876
140.0996,4681.75176871
140.1128,4589.14676866
140.126,4486.84676862
140.1507,4272.37176852
140.1754,4032.98876843
140.1945,3834.82676836
140.2136,3628.54276829
140.2518,3203.16256815
140.2765,2927.21756806
140.3012,2656.67366797
140.3259,2395.84406788
140.3506,2148.20336779
140.363,2029.71186774
140.3753,1916.3731677
140.3877,1806.54256765
140.4,1702.1394676
140.4124,1601.57146756
140.4247,1506.51986751
140.4371,1415.45896747
140.4494,1329.84486742
140.4607,1255.28626738
140.4719,1185.19956734
140.4832,1118.2581673
140.4944,1055.55746726
140.5057,995.874367215
140.5169,940.151867173
140.5281,887.725067132
140.5393,838.465767091
140.5506,791.840967049
140.5618,748.537867008
140.573,707.991666966
140.5842,670.062266925
140.5955,634.304666883
140.6067,601.212566842
140.6179,570.323266801
140.6291,541.504466759
140.6415,511.857966713
140.6539,484.423766668
140.6663,459.040866622
140.6786,435.738466577
140.691,413.993566531
140.7033,394.022466485
140.7157,375.37285644
140.728,358.227456394
140.7404,342.196436349
140.7527,327.435986303
140.7651,313.610686257
140.7774,300.856186212
140.7898,288.883706166
140.8021,277.812516121
140.8145,267.394306075
140.8268,257.73502603
140.8414,247.064775976
140.856,237.177575922
140.8706,227.997285868
140.8852,219.456135814
140.8998,211.49319576
140.9144,204.054395706
140.929,197.091605652
140.9436,190.561615599
140.9582,184.426075545
140.9728,178.650665491
140.9874,173.204855437
141.002,168.061325383
141.0312,158.585595275
141.0604,150.056115168
141.0852,143.453355076
141.1099,137.390234985
141.1346,131.781484894
141.1593,126.578214803
141.184,121.738504711
141.2087,117.22605462
141.2334,113.009404529
141.2581,109.061064438
141.2828,105.356894347
141.3075,101.875584256
141.3322,98.5982841646
141.3569,95.5082140735
141.3816,92.5903639824
141.4063,89.8313138912
141.431,87.2189838001
141.4557,84.7424837089
141.5052,80.1496935262
141.5546,76.0029933439
141.604,72.2359131617
141.6534,68.8010129794
141.7028,65.6582727971
141.7522,62.7737526148
141.8016,60.1184024325
141.851,57.6672742502
141.8937,55.6964730926
141.9364,53.849889935
141.9791,52.1166827775
142.0217,50.4908936203
142.0644,48.9562814627
142.1071,47.5090693051
142.1498,46.1423161476
142.1924,44.8527459904
142.2351,43.6287258328
142.2778,42.4682896752
142.3205,41.3668715177
142.3631,40.3226893604
142.4485,38.3790680453
142.5338,36.6155287305
142.5833,35.6646975479
142.6327,34.7641493656
142.6821,33.9084901833
142.7315,33.094595001
142.8303,31.5809456364
142.9291,30.2032082718
143.028,28.9433559068
143.1268,27.7896925423
143.2256,26.7287901777
143.3244,25.7503118131
143.3918,25.1254935644
143.4592,24.5323853156
143.5266,23.9687620669
143.594,23.4325688182
143.6614,22.9219405695
143.7288,22.4351383208
143.8635,21.5273738237
143.9983,20.6964203263
144.133,19.9339088292
144.2678,19.2308723317
144.4025,18.5817938347
144.5014,18.1359294697
144.6002,17.7142051051
144.699,17.3143647405
144.7978,16.9347443759
144.8967,16.573522011
144.9955,16.2300546464
145.0943,15.9027562818
145.1931,15.5905129172
145.3908,15.0068921877
145.5884,14.4726484585
145.7861,13.9811887289
145.9837,13.5279394998
146.1454,13.1822143031
146.3071,12.8569264064
146.4688,12.5502321097
146.6305,12.260540913
146.7922,11.9864114163
146.9539,11.7266425196
147.1156,11.4801892229
147.2773,11.2460418262
147.475,10.9747467966
147.6726,10.7182998674
147.8703,10.4752807379
148.0679,10.2449351087
148.2656,10.0260221791
148.4632,9.81781945
148.6609,9.6192598204
148.8585,9.4297757912
149.0562,9.2484846617
149.2538,9.0749419325
149.4515,8.9084056029
149.6491,8.7485302738
150.0444,8.446593615
150.4397,8.1658495563
150.835,7.9035429976
151.2303,7.6573426389
151.6256,7.4252613801
152.0209,7.2055905214
152.4162,6.9968508627
152.8115,6.7977495039
153.2068,6.6071508452
153.6021,6.4240433865
154.0334,6.2317449949
154.4646,6.0462702037
154.8958,5.8666113125
155.327,5.6918812213
155.6145,5.5777164604
155.902,5.4651541994
156.1895,5.3539869385
156.4769,5.2440643779
156.6477,5.1792647477
156.8184,5.1148878177
156.9891,5.0509024878
157.1598,4.9873390579
157.3305,4.924270328
157.4159,4.8929440129
157.5012,4.8618381981
157.5866,4.830916583
157.6719,4.8002977685
157.7573,4.7699729545
157.8426,4.7400929438
157.9351,4.7082755168
158.0275,4.6772727183
158.1199,4.6472902862
158.2123,4.618655788
158.2586,4.6049522189
158.3048,4.5918010214
158.351,4.5792592097
158.3972,4.5674329963
158.4434,4.5564481917
158.4896,4.5464595022
158.5358,4.5376550302
158.582,4.5302694733
158.637,4.5237366983
158.6645,4.5215741629
158.692,4.5202774587
158.7195,4.5199654829
158.747,4.5207751324
158.7745,4.5228757042
158.802,4.5264751954
158.8295,4.5318289032
158.857,4.5392618251
158.8845,4.5491862587
158.912,4.562142402
158.9395,4.578843653
158.967,4.6002476103
158.9945,4.6276411725
159.0082,4.6440475537
159.0219,4.6626359357
159.0379,4.6875353827
159.0538,4.7162448278
159.0697,4.7496072736
159.0856,4.78845472
159.1016,4.8340851697
159.1175,4.887108617
159.1334,4.9491790646
159.1493,5.0219355125
159.1573,5.063177738
159.1653,5.1078849635
159.1733,5.156353189
159.1812,5.2082194118
159.1892,5.2651406375
159.1971,5.3260568603
159.2051,5.392907086
159.213,5.4644373089
159.221,5.5429175347
159.2289,5.6268677577
159.2369,5.7189329835
159.2448,5.8173622065
159.2528,5.9252434323
159.2607,6.0405006554
159.2687,6.1667278812
159.2766,6.3014691043
159.2828,6.4147202794
159.2889,6.5329794516
159.2951,6.6605096267
159.3012,6.7935887989
159.3074,6.936997974
159.3135,7.0865351463
159.3197,7.2475543214
159.3258,7.4153154937
159.332,7.5958066688
159.3381,7.783692841
159.3443,7.9856530162
159.3504,8.1956931884
159.3566,8.4212493635
159.3627,8.6556025358
159.3689,8.9070147109
159.375,9.1679608832
159.3812,9.4476080584
159.3873,9.7375482306
159.3935,10.0479274058
159.3996,10.3693695781
159.4058,10.7130767532
159.4119,11.0686239255
159.4181,11.4483501006
159.4242,11.8406842729
159.4304,12.259187448
159.4365,12.6910516203
159.4427,13.1511427954
159.4488,13.6253219677
159.4611,14.6491123152
159.4734,15.7680586626
159.4814,16.5495058886
159.4894,17.3750361145
159.4974,18.2460943405
159.5053,19.1523115637
159.5133,20.1179667896
159.5212,21.1201590128
159.5292,22.1854592387
159.5371,23.2883184619
159.5451,24.4576696879
159.553,25.665151911
159.561,26.942118137
159.5689,28.2572633601
159.5848,31.0691648092
159.6007,34.1028882584
159.6145,36.9152096482
159.6282,39.8694910351
159.642,43.0045344249
159.6557,46.2685578119
159.6695,49.7006602017
159.6832,53.2404355887
159.697,56.9264939785
159.7107,60.6902103655
159.7267,65.1940988174
159.7426,69.7558472665
159.7585,74.3688977156
159.7744,78.9955741648
159.8062,88.125344063
159.838,96.7969839612
159.8569,101.584939495
159.8757,105.984851026
159.8974,110.520931639
159.9003,111.077816721
159.9076,112.424798927
159.9148,113.673256131
159.9241,115.163265393
159.9321,116.330041619
159.9408,117.473628865
159.9517,118.715872173
159.9625,119.731121478
159.9739,120.5634928
159.9874,121.224361181
160.0,121.518638537
160.0091,121.536170794
160.0307,120.924684404
160.0491,119.690434924
160.0676,117.811835447
160.0802,116.183435803
160.0927,114.303366156
160.1111,111.089076675
160.1295,107.391487195
160.148,103.248057718
160.1664,98.7693382374
160.1823,94.6645786865
160.1982,90.3896991356
160.23,81.5083670339
160.2668,71.0555050733
160.2852,65.9012225931
160.3036,60.8650751128
160.3288,54.2393598246
160.3414,51.0705761805
160.3539,48.0345995336
160.3665,45.0905438895
160.379,42.2912462426
160.3916,39.5966905985
160.4041,37.0529589516
160.4134,35.2453232142
160.4226,33.5288674741
160.4318,31.883853734
160.441,30.3100209938
160.4502,28.8068492537
160.4594,27.3735405136
160.4686,26.0090877734
160.4778,24.7122470333
160.487,23.4815782932
160.4962,22.3154865531
160.5054,21.2122228129
160.5146,20.1699240728
160.5238,19.1865843327
160.533,18.2601605925
160.5422,17.3885048524
160.5514,16.5694441123
160.5623,15.6640604201
160.5732,14.825669728
160.5841,14.0505600359
160.595,13.3350353438
160.6059,12.6754576517
160.6168,12.0682589596
160.6277,11.5099692675
160.6385,11.0017325725
160.6494,10.5309228804
160.6603,10.0993461883
160.6712,9.7040364962
160.682,9.3453548012
160.6929,9.0140151091
160.7038,8.710975417
160.7147,8.4338747249
160.7255,8.18272903
160.7348,7.9835972927
160.744,7.8009705525
160.7532,7.6315388124
160.7624,7.4742830723
160.7716,7.3282583321
160.7808,7.192578592
160.79,7.0664188519
160.7992,6.9490181117
160.8084,6.8396653716
160.8176,6.7377056315
160.8268,6.6425338913
160.836,6.5535921512
160.8452,6.4703654111
160.8544,6.3923796709
160.8636,6.3191999308
160.8728,6.2504291907
160.8821,6.1850204534
160.8913,6.1240417132
160.9097,6.012008233
160.9281,5.9114717527
160.9465,5.8206542724
160.9649,5.7380857922
160.9833,5.6625473119
161.0017,5.5930308316
161.0201,5.5287023514
161.0453,5.4477803632
161.0704,5.3741620722
161.0955,5.3064099812
161.1206,5.2436601901
161.1457,5.1852236991
161.1708,5.1305472081
161.1959,5.0791816171
161.221,5.0307547261
161.2462,4.9847779379
161.2713,4.9413531469
161.3215,4.8607269649
161.3717,4.7872286828
161.4219,4.7197303008
161.4621,4.6693946363
161.5023,4.6219562718
161.5425,4.5770953074
161.5826,4.53464154
161.6228,4.4941508756
161.663,4.4555276111
161.7433,4.3832764793
161.8237,4.3165292503
161.904,4.2545284185
161.9844,4.1963829895
162.0647,4.1416439577
162.1652,4.0771046964
162.2656,4.0163429324
162.3661,3.9586457712
162.4665,3.9036588071
162.567,3.8508909459
162.6674,3.8001336818
162.7678,3.7510651177
162.8682,3.7034564537
163.0691,3.6118159284
163.2699,3.5240908003
163.4708,3.439357875
163.6716,3.3570645469
163.8859,3.2713176001
164.1806,3.1560481243
164.4752,3.0430331457
164.7698,2.9315252672
165.0644,2.8209899886
165.359,2.71102291
165.6536,2.6013161314
165.9482,2.4916412528
166.2428,2.3818495742
166.5375,2.2718254985
166.8321,2.1616540199
167.1267,2.0514029413
167.4213,1.9413073627
167.5686,1.8864356234
167.7159,1.8317702841
167.8632,1.7773984448
168.0105,1.7234247055
168.1578,1.6699814662
168.3051,1.6172261269
168.4524,1.5653491876
168.5997,1.5145758483
168.7738,1.456359466
168.9479,1.4006141837
169.122,1.348072301
169.2961,1.299684819
169.4702,1.256624137
169.6443,1.220338655
169.7314,1.205286615
169.8184,1.192677672
169.9055,1.182804333
169.9925,1.17605889
170.0662,1.173094972
170.1398,1.172960151
170.2135,1.175981032
170.2871,1.182515311
170.3608,1.192993693
170.3976,1.199842733
170.4344,1.207851672
170.4713,1.217114644
170.5081,1.227655284
170.5449,1.239571913
170.5817,1.252946663
170.6219,1.269327928
170.6621,1.287676524
170.7023,1.308122769
170.7425,1.330809415
170.7827,1.35588934
170.8229,1.383528186
170.8631,1.413902261
170.9032,1.447118934
170.9401,1.480438536
170.9769,1.516474946
171.0137,1.555500095
171.0505,1.597716185
171.0873,1.643340794
171.1241,1.692606964
171.1609,1.745769213
171.1977,1.803100693
171.2346,1.865072075
171.2714,1.931670114
171.3082,2.003405954
171.345,2.080659093
171.3819,2.164075636
171.4003,2.208038155
171.4187,2.253655675
171.4371,2.300990695
171.4555,2.350107914
171.4739,2.401077034
171.4923,2.453968554
171.5108,2.509163177
171.5292,2.566142396
171.5476,2.625281816
171.566,2.686666036
171.5845,2.750740858
171.6029,2.816907378
171.6213,2.885605798
171.6397,2.956939918
171.6582,3.03143134
171.6766,3.10838966
171.695,3.18833068
171.7134,3.271384399
171.7318,3.357681819
171.7502,3.447367239
171.7686,3.540588158
171.787,3.637501378
171.8055,3.738830601
171.8239,3.843657121
171.8423,3.95270104
171.8607,4.06615756
171.8791,4.18423208
171.8975,4.307142599
171.9159,4.435120119
171.9343,4.568405639
171.9527,4.707263159
171.9711,4.851960678
171.9895,5.002792198
172.0079,5.160065718
172.0263,5.324111238
172.0447,5.495276757
172.0631,5.673932277
172.0815,5.860476797
172.1,6.056413319
172.1184,6.260076839
172.1368,6.472987359
172.1552,6.695657879
172.1737,6.929937401
172.1921,7.173888921
172.2105,7.429380441
172.2289,7.69709996
172.2474,7.979341483
172.2658,8.273847003
172.2842,8.582961522
172.3026,8.907609042
172.321,9.248783562
172.3394,9.607572082
172.3578,9.985147601
172.3762,10.382795121
172.3947,10.804252644
172.4131,11.246489163
172.4315,11.713415683
172.4499,12.206866203
172.4683,12.728869723
172.4867,13.281661242
172.5051,13.867737762
172.5235,14.489877282
172.542,15.154898804
172.5604,15.859123324
172.5788,16.609976844
172.5972,17.411932364
172.6156,18.270078883
172.634,19.190244403
172.6524,20.179109923
172.6708,21.244420443
172.6859,22.182016869
172.701,23.182782296
172.7161,24.253152722
172.7311,25.392583146
172.7462,26.624573572
172.7612,27.942203996
172.7763,29.373844423
172.7913,30.912804846
172.8064,32.593725273
172.8215,34.423015699
172.8366,36.419276126
172.8516,38.588596549
172.8667,40.984066976
172.8817,43.6011874
172.8968,46.506157826
172.9118,49.69573825
172.9211,51.842618513
172.9303,54.106138772
172.9395,56.519549032
172.9487,59.094549292
172.9579,61.843739552
172.9671,64.780599812
172.9763,67.919590072
172.9855,71.276160332
172.9948,74.907250594
173.004,78.752530854
173.0132,82.868551114
173.0224,87.275301374
173.0316,91.993961634
173.0408,97.047031894
173.05,102.458282154
173.0592,108.252792413
173.0684,114.456992673
173.0776,121.098702933
173.0868,128.207063193
173.096,135.812593453
173.1052,143.947153713
173.1144,152.643973973
173.1236,161.937504233
173.1328,171.863434492
173.142,182.458864752
173.1512,193.761735012
173.1604,205.811165272
173.1696,218.647075532
173.1788,232.310405792
173.188,246.842626052
173.1972,262.285606311
173.2064,278.681816571
173.2157,296.268406834
173.2249,314.710007094
173.2341,334.232257354
173.2433,354.876817614
173.2525,376.684417873
173.2617,399.694718133
173.2709,423.946018393
173.2801,449.474718653
173.2893,476.315418913
173.2985,504.500219173
173.3077,534.058419433
173.3169,565.016319693
173.3261,597.396219952
173.3353,631.217320212
173.3445,666.493820472
173.3537,703.235820732
173.3663,755.942121088
173.3789,811.401021444
173.3915,869.5879218
173.404,929.961822153
173.4166,993.418322509
173.4291,1058.85582286
173.4417,1127.20002322
173.4542,1197.21972357
173.4726,1303.93762409
173.491,1414.40682461
173.5278,1643.35162565
173.5647,1877.04032669
173.6015,2104.95482773
173.6283,2261.85282849
173.655,2405.99262924
173.6735,2496.64922977
173.6919,2577.91553029
173.7103,2649.1756308
173.7287,2709.41943132
173.7517,2767.93023197
173.7747,2806.56643262
173.7883,2819.68943301
173.8019,2825.45133339
173.8246,2818.59373403
173.8472,2791.51543467
173.8641,2758.44113515
173.881,2714.86823563
173.8969,2664.79133607
173.9127,2606.87243652
173.9264,2550.55743691
173.94,2489.51903729
173.9673,2353.48213806
173.9989,2178.04043896
174.0305,1989.60283985
174.0938,1598.73004164
174.124,1416.60614249
174.1391,1328.47974292
174.1542,1242.86494334
174.1693,1160.10814377
174.1844,1080.4996442
174.1995,1004.27454462
174.2145,932.083645047
174.2304,859.544245496
174.2462,791.613345942
174.262,727.862246388
174.2778,668.283446835
174.2936,612.826747281
174.3094,561.404647727
174.3252,513.898048173
174.3331,491.568548397
174.341,470.16154862
174.3525,440.604248945
174.364,412.886699269
174.3755,386.935549594
174.387,362.674969919
174.3985,340.027100244
174.41,318.913300569
174.4215,299.254280894
174.433,280.971281218
174.4445,263.986201543
174.456,248.222241868
174.4675,233.604592193
174.479,220.060212518
174.4905,207.518652843
174.502,195.912063167
174.5135,185.175553492
174.525,175.246833817
174.533,168.785044043
174.5409,162.741194266
174.5488,157.014594489
174.5567,151.588484713
174.5646,146.446604936
174.5725,141.573675159
174.5804,136.954695382
174.5883,132.575715605
174.5962,128.423205828
174.6041,124.484446051
174.6199,117.199776498
174.6357,110.631556944
174.6515,104.69883739
174.6673,99.329217837
174.6831,94.458188283
174.6989,90.028528729
174.7147,85.989559176
174.7305,82.296589622
174.7463,78.910260068
174.7621,75.796030514
174.7779,72.923570961
174.7938,70.25013141
174.8096,67.786011856
174.8254,65.493432302
174.8412,63.354622749
174.857,61.354053195
174.8728,59.478123641
174.8886,57.714904088
174.9044,56.053938534
174.9203,54.476367983
174.9361,52.993887429
174.9677,50.255763322
174.9993,47.781243214
175.0309,45.532123107
175.0611,43.56495496
175.0913,41.753655813
175.1215,40.079991666
175.1517,38.528641519
175.1819,37.086595372
175.2121,35.742718225
175.2423,34.487377078
175.2724,33.315966929
175.3026,32.213383782
175.3328,31.177204635
175.363,30.201717488
175.3931,29.284826338
175.4233,28.415946191
175.4535,27.594156044
175.4837,26.815851897
175.5138,26.080129747
175.5455,25.345280643
175.5771,24.650551535
175.6403,23.36356332
175.7036,22.195884108
175.7668,21.135339893
175.8301,20.165263681
175.8933,19.277576467
175.9566,18.459973255
176.0198,17.70694904
176.0745,17.100886585
176.1291,16.534060127
176.1837,16.00188067
176.2383,15.501281212
176.2929,15.029556754
176.3475,14.584276296
176.4021,14.163275839
176.4567,13.764636381
176.5113,13.386602923
176.5659,13.027637465
176.6751,12.36138855
176.7843,11.756142634
176.8935,11.203804719
177.02,10.621253292
177.1465,10.091889865
177.273,9.608483438
177.3995,9.165031011
177.526,8.756531585
177.6525,8.378788158
177.779,8.028214731
177.9054,7.701927301
178.0664,7.316746849
178.2274,6.961225697
178.3884,6.631534544
178.5493,6.324769689
178.7103,6.037922837
178.8713,5.768912685
179.0323,5.515771832
179.1932,5.276964277
179.3197,5.09822115
179.4462,4.926741124
179.5727,4.761994897
179.6991,4.603637267
179.8256,4.45101324
179.9521,4.303899514
180.0786,4.162000087
180.205,4.025172657
180.3315,3.89300643
180.458,3.765463603
180.5845,3.642446676
180.7109,3.524001547
180.8374,3.40994412
180.9639,3.300428693
181.0904,3.195593266
181.2168,3.095742837
181.3433,3.00106641
181.4698,2.912093983
181.5963,2.829384556
181.7228,2.75362813
181.8493,2.685687703
181.9758,2.626653276
182.1023,2.577894849
182.2287,2.541142219
182.3207,2.523108718
182.4127,2.513516617
182.5047,2.513539415
182.5966,2.524554511
182.6886,2.54825281
182.7346,2.565465409
182.7806,2.586626409
182.8266,2.612048008
182.8726,2.642073307
182.9186,2.677078207
182.9645,2.717382703
182.9962,2.748588299
183.0278,2.782618491
183.0594,2.819738584
183.091,2.860133076
183.1227,2.904141772
183.1543,2.951698864
183.1859,3.003164857
183.2175,3.05878265
183.2492,3.119011585
183.2808,3.183753998
183.3124,3.25349798
183.344,3.328571703
183.3756,3.409328745
183.4072,3.496154228
183.4388,3.58946351
183.4704,3.689705753
183.5021,3.797722699
183.5337,3.913367081
183.5653,4.037544674
183.5969,4.170884466
183.6286,4.314544462
183.6444,4.390082408
183.6602,4.468370254
183.676,4.549513901
183.6918,4.633621947
183.7076,4.720810793
183.7234,4.811200639
183.7393,4.905522289
183.7551,5.002722835
183.7709,5.103522881
183.7867,5.208069627
183.8025,5.316517874
183.8183,5.42902632
183.8341,5.545766666
183.8499,5.666915913
183.8658,5.793474062
183.8816,5.924047808
183.8974,6.059626054
183.9132,6.200428901
183.929,6.346688847
183.9448,6.498649093
183.9606,6.656570539
183.9764,6.820724486
183.9894,6.960664753
184.0023,7.104060117
184.0153,7.253309085
184.0282,7.406300249
184.0412,7.565598616
184.0541,7.728955981
184.067,7.897788345
184.0799,8.072317709
184.0929,8.254198076
184.1058,8.440877441
184.1187,8.633990805
184.1316,8.83381117
184.1446,9.042253537
184.1575,9.256416901
184.1704,9.478196266
184.1833,9.70793063
184.1992,10.002567079
184.215,10.308562525
184.2308,10.628485972
184.2466,10.963138418
184.2624,11.313401864
184.2782,11.68021131
184.294,12.064574757
184.3098,12.467605203
184.3257,12.893230652
184.3415,13.337391098
184.3573,13.804125545
184.3731,14.294973991
184.3889,14.811635437
184.4047,15.355978884
184.4205,15.93004233
184.4363,16.536085776
184.4522,17.180806225
184.468,17.858880672
184.4838,18.577361118
184.4996,19.339711564
184.5154,20.14983801
184.5312,21.012093457
184.547,21.931407903
184.5628,22.913332349
184.5787,23.971052798
184.5945,25.098430245
184.6103,26.310004691
184.6261,27.614999137
184.6419,29.023919584
184.6577,30.54873003
184.6735,32.203090476
184.6893,34.002550923
184.7016,35.51514127
184.7138,37.122111615
184.726,38.845511959
184.7382,40.696522304
184.7505,42.704422651
184.7627,44.850272996
184.7749,47.16484334
184.7871,49.664603685
184.7994,52.390724033
184.8116,55.318924377
184.8238,58.492234722
184.836,61.934425066
184.8482,65.671435411
184.8604,69.731425756
184.8726,74.1450061
184.8848,78.945286445
184.8927,82.276666668
184.9006,85.795466891
184.9085,89.512487114
184.9164,93.439067337
184.9243,97.587027561
184.9322,101.968737784
184.9401,106.597078007
184.948,111.48544823
184.9559,116.647788453
184.9638,122.098578676
184.9717,127.852798899
184.9796,133.925969123
184.9875,140.334119346
184.9954,147.093769569
185.0033,154.221909792
185.0112,161.736030015
185.0192,169.756920241
185.0271,178.102580464
185.035,186.889390687
185.0429,196.136440911
185.0508,205.863061134
185.0587,216.088811357
185.0666,226.83375158
185.0745,238.117651803
185.0824,249.960752026
185.0903,262.383252249
185.0982,275.405152473
185.1061,289.046652696
185.114,303.327352919
185.1219,318.266953142
185.1298,333.884753365
185.1377,350.199353588
185.1456,367.229153812
185.1535,384.991454035
185.1614,403.503354258
185.1693,422.780654481
185.1851,463.690454927
185.2009,507.826855374
185.2167,555.27445582
185.2325,606.092556266
185.2483,660.311256712
185.2641,717.927557159
185.2785,773.365057565
185.2929,831.532757972
185.3073,892.341858379
185.3216,955.223858783
185.336,1020.90595919
185.3504,1088.7705596
185.3791,1229.62716041
185.4108,1391.6200613
185.4424,1556.2956622
185.474,1719.91176309
185.5056,1877.73146398
185.5373,2025.19006488
185.5531,2093.04436532
185.5689,2156.32816577
185.589,2229.31936634
185.6091,2292.8711669
185.6291,2345.76326747
185.649,2387.33566803
185.6623,2408.64596841
185.6756,2424.59226878
185.6889,2435.06726916
185.7022,2440.00236953
185.7157,2439.31726991
185.7292,2432.9094703
185.7427,2420.83737068
185.7561,2403.35117106
185.776,2367.56867162
185.7959,2320.60817218
185.8145,2267.28857271
185.833,2205.97397323
185.849,2146.92137368
185.8649,2083.30317413
185.8967,1943.73677503
185.9337,1766.28567607
185.9706,1580.68397711
186.0076,1393.33757816
186.0446,1211.2175792
186.0623,1127.51937971
186.0799,1047.1361802
186.0975,969.962280699
186.1151,896.298581196
186.1328,825.987981696
186.1504,759.986782194
186.168,697.984282691
186.1856,640.019483188
186.2041,583.42808371
186.2134,556.638683973
186.2226,531.213084233
186.2319,506.581984496
186.2411,483.256784755
186.2503,460.946385015
186.2595,439.628585275
186.2688,419.063185538
186.278,399.666885798
186.2873,380.99048606
186.2965,363.40768632
186.3058,346.506986583
186.315,330.622386843
186.3242,315.537887103
186.3334,301.223587363
186.3469,281.550597744
186.3603,263.505938122
186.3738,246.727468504
186.3872,231.373068882
186.4007,217.124649264
186.4141,204.107789642
186.4275,192.131130021
186.4409,181.116600399
186.4544,170.91748078
186.4678,161.614161159
186.4813,153.00063154
186.4947,145.141901919
186.5082,137.8616923
186.5216,131.213562679
186.535,125.091213057
186.5484,119.448353436
186.5577,115.791223698
186.5669,112.367373958
186.5762,109.089954221
186.5854,106.017964481
186.6039,100.310245003
186.6223,95.191435523
186.6408,90.536716046
186.6593,86.314566568
186.6778,82.471997091
186.6962,78.98111761
186.7147,75.764178133
186.7332,72.806388656
186.7517,70.077789178
186.7701,67.565609698
186.7886,65.22022022
186.807,63.04777074
186.8255,61.007901263
186.8439,59.108221782
186.8624,57.315402305
186.8809,55.629032828
186.8994,54.03938335
186.9178,52.54583387
186.9363,51.124684392
186.9548,49.777644915
186.9917,47.289445957
187.0287,45.027967002
187.0656,42.973545045
187.1026,41.08895109
187.1395,39.362848132
187.1748,37.838378129
187.2101,36.424309126
187.2454,35.109204123
187.2806,33.886525118
187.3159,32.740739115
187.3511,31.670865109
187.3864,30.664215106
187.4216,29.7206861
187.4569,28.829772098
187.4922,27.989613095
187.5275,27.196096092
187.5627,26.447631086
187.598,25.736637083
187.6332,25.064188077
187.6685,24.423788074
187.7037,23.816630069
187.7407,23.209845114
187.7776,22.634523156
187.8515,21.563615244
187.9254,20.589287331
187.9993,19.699320418
188.0732,18.883425506
188.1471,18.132924593
188.221,17.440378681
188.2948,16.800261765
188.3587,16.28333157
188.4225,15.798474372
188.4863,15.342103175
188.5501,14.911762977
188.6139,14.505260779
188.6777,14.120636581
188.7415,13.756162383
188.8053,13.410275185
188.8692,13.08106999
188.933,12.768331792
189.0606,12.186162396
189.1882,11.655312001
189.3158,11.169139605
189.3897,10.905770692
189.4636,10.65455478
189.6114,10.185220954
189.7592,9.755143129
189.907,9.359315304
190.0548,8.993540479
190.2026,8.654277654
190.3504,8.338544829
190.4981,8.043996701
190.6325,7.792313097
190.7668,7.55478509
190.9012,7.329662587
191.0355,7.11607458
191.1699,6.912706776
191.3042,6.71902427
191.4386,6.533989766
191.5729,6.35719116
191.8416,6.02528495
192.1103,5.71891104
192.379,5.43446653
192.6476,5.169079417
192.9701,4.872030726
193.2925,4.595353933
193.615,4.336041342
193.9374,4.091948549
194.233,3.879838798
194.5286,3.677697048
194.8242,3.484571198
195.1197,3.299769545
195.4153,3.122609094
195.7108,2.952840541
196.0064,2.790177091
196.3019,2.634779938
196.5572,2.506557149
196.8125,2.38432666
197.0678,2.268689171
197.323,2.16055298
197.4507,2.109602087
197.5783,2.061031591
197.7059,2.015012295
197.8335,1.9717903
197.9612,1.931638207
198.0888,1.894992811
198.2164,1.862265915
198.344,1.83396432
198.465,1.811731938
198.5859,1.794561552
198.7068,1.783080165
198.8277,1.778046671
198.9486,1.780359748
199.0091,1.784604811
199.0695,1.791093838
199.13,1.800017515
199.1904,1.811526215
199.2509,1.825856311
199.3113,1.843174966
199.3715,1.863665946
199.4317,1.887632325
199.4919,1.91535378
199.5521,1.947133396
199.6123,1.983305534
199.6725,2.024239125
199.7327,2.070337661
199.7928,2.121957003
199.8446,2.171308331
199.8964,2.225521344
199.9482,2.284972213
200.0,2.350072985
200.0443,2.410569928
200.0886,2.475839733
200.1329,2.546216136
200.1771,2.621888182
200.2214,2.70359643
200.2657,2.791606996
200.31,2.886393788
200.3542,2.988232751
200.3867,3.068069768
200.4192,3.152373284
200.4517,3.2414
200.4841,3.335128017
200.5166,3.434429333
200.549,3.53900795
200.5815,3.649846566
200.6139,3.766624983
200.6464,3.890454698
200.6789,4.021407014
200.7114,4.15993673
200.7438,4.306070247
200.7763,4.461237662
200.8087,4.62505488
200.825,4.711106137
200.8412,4.799151695
200.8736,4.983125712
200.9061,5.178841528
200.9386,5.386545043
200.9711,5.607099459
201.0035,5.840707976
201.036,6.089841492
201.0684,6.354088009
201.1009,6.636313524
201.1333,6.936131042
201.1658,7.256883557
201.1983,7.599322073
201.2308,7.965268588
201.2632,8.355493105
201.2957,8.774638621
201.3281,9.222599138
201.3606,9.704913654
201.393,10.221700171
201.4255,10.779631686
201.458,11.381103202
201.4905,12.030562718
201.5229,12.730804235
201.5554,13.49190075
201.5878,14.315726267
201.6041,14.757080024
201.6203,15.214955783
201.6365,15.693127542
201.6527,16.1928143
201.669,16.718642057
201.6852,17.265601816
201.7015,17.842035573
201.7177,18.442563331
201.734,19.076505088
201.7502,19.738108847
201.7664,20.433428605
201.7826,21.164892364
201.7989,21.940107121
201.8151,22.75257688
201.8314,23.615702637
201.8476,24.522605395
201.8639,25.488655152
201.8801,26.506634911
201.8963,27.587464669
201.9125,28.736924428
201.9288,29.969354185
201.945,31.276983944
201.9612,32.675433702
201.9774,34.174033461
201.9937,35.793703218
202.0099,37.526562976
202.0261,39.395802735
202.0423,41.416752493
202.0586,43.62088225
202.0748,46.000932009
202.091,48.592131768
202.1072,51.419621526
202.1235,54.531681283
202.1397,57.922231042
202.1559,61.6453308
202.1721,65.741150559
202.1854,69.413780361
202.1987,73.395220162
202.212,77.715349964
202.2253,82.406709766
202.2386,87.504599568
202.2519,93.047249369
202.2652,99.075909171
202.2784,105.583588974
202.2917,112.716238776
202.305,120.477538578
202.3183,128.92177838
202.3315,138.034608183
202.3448,148.014657985
202.3581,158.859897787
202.3714,170.637607588
202.3846,183.317977392
202.3928,191.723657269
202.4009,200.445157149
202.409,209.599687028
202.4171,219.204566907
202.4253,229.404986785
202.4334,239.970116664
202.4415,251.039516544
202.4496,262.631116423
202.4578,274.916416301
202.4659,287.61391618
202.474,300.888216059
202.4821,314.757015938
202.4902,329.237915818
202.4983,344.348215697
202.5145,376.524315455
202.5308,411.638115213
202.547,449.378114971
202.5632,490.05631473
202.5794,533.760914488
202.5957,580.859114245
202.6119,630.817814004
202.6281,683.934613762
202.6443,740.197313521
202.6606,799.936413278
202.6768,862.337013036
202.6931,928.047112794
202.7093,996.098012552
202.7256,1067.12301231
202.7418,1140.00111207
202.7742,1291.38871159
202.8391,1606.33451062
202.8716,1762.33981013
202.904,1910.95580965
202.9365,2048.48520917
202.9527,2111.29320892
202.9689,2169.54820868
202.9847,2221.48940845
203.0004,2267.88960821
203.0161,2308.69480798
203.0318,2343.55420774
203.0477,2372.48350751
203.0635,2394.62180727
203.0794,2410.05140704
203.0952,2418.4431068
203.1,2419.61020673
203.1049,2420.13500666
203.1208,2417.20360642
203.1366,2407.30740618
203.1525,2390.42560595
203.1683,2366.93580571
203.1929,2317.59250534
203.2175,2253.70950498
203.2417,2178.04470462
203.2658,2091.61580426
203.2921,1986.70380387
203.3184,1873.03880347
203.3426,1762.80720311
203.3667,1649.57460275
203.415,1419.32780203
203.4392,1305.53010167
203.4633,1195.10060131
203.4874,1088.71110095
203.5115,987.300100596
203.5291,916.813200333
203.5466,849.961200073
203.5642,786.13829981
203.5817,726.174699549
203.5993,669.442299287
203.6168,616.598699026
203.6344,567.013198764
203.6519,521.188598503
203.664,491.486498323
203.6761,463.363498142
203.6882,436.777897962
203.7002,411.885297783
203.7123,388.221697603
203.7243,366.127197424
203.7364,345.179797244
203.7484,325.670797065
203.7605,307.218396885
203.7725,290.071236706
203.7846,273.886306525
203.7966,258.874886346
203.8087,244.730436166
203.8207,231.631975987
203.8328,219.307105807
203.8448,207.907475628
203.8569,197.191935448
203.869,187.209425267
203.8811,177.912265087
203.8931,169.323844908
203.9052,161.258064728
203.9173,153.747564548
203.9294,146.753214367
203.9414,140.290044188
203.9535,134.215694008
203.9656,128.553193828
203.9777,123.271863647
203.9897,118.382363468
204.0018,113.776613288
204.0138,109.506263109
204.0259,105.477112929
204.0379,101.73470275
204.0495,98.338612577
204.061,95.170672406
204.0725,92.186042234
204.084,89.371182063
204.0955,86.713581892
204.107,84.20169172
204.13,79.573241377
204.1531,75.393101033
204.1761,71.63325069
204.1991,68.220560347
204.2221,65.109360005
204.2452,62.24919966
204.2682,59.632129318
204.2912,57.217598975
204.3142,54.982208632
204.3373,52.897298288
204.3603,50.963787945
204.3833,49.157717602
204.4063,47.466467259
204.4305,45.798966899
204.4546,44.241706539
204.4788,42.772176179
204.5029,41.394205819
204.5271,40.089005459
204.5512,38.8608551
204.5753,37.69852174
204.5994,36.596874381
204.6477,34.553795661
204.6959,32.708627943
204.7442,31.027826223
204.7924,29.496975505
204.8319,28.338924916
204.8714,27.258668327
204.9109,26.248845738
204.9503,25.305294151
204.9898,24.417525562
205.0293,23.582931974
205.0688,22.797012385
205.1082,22.057562798
205.1477,21.357259209
205.1872,20.69477862
205.2267,20.067251032
205.2661,19.473505444
205.3451,18.370688267
205.424,17.372781091
205.4723,16.807039371
205.5206,16.272294651
205.5689,15.766162931
205.6171,15.287449213
205.6654,14.832237493
205.7136,14.400671775
205.7619,13.989401055
205.8101,13.598713336
205.8584,13.225697616
205.9066,12.870770898
205.9549,12.531423178
206.0031,12.20815646
206.0514,11.89882474
206.0996,11.604022021
206.1479,11.321945302
206.1961,11.053310583
206.2488,10.773932798
206.3014,10.509843014
206.3541,10.260196228
206.4067,10.026587444
206.4682,9.775170528
206.4989,9.65971207
206.5296,9.552138613
206.5603,9.453815155
206.591,9.366654697
206.6217,9.29332024
206.6524,9.237485782
206.6678,9.217586553
206.6831,9.204188325
206.6985,9.198031095
206.7138,9.200248867
206.7292,9.212093638
206.7445,9.23481241
206.7599,9.27031918
206.7752,9.319982952
206.7906,9.386561722
206.8059,9.471558494
206.8213,9.578780265
206.8366,9.709845037
206.852,9.869867807
206.8673,10.060529579
206.8827,10.28853135
206.898,10.555522122
206.9057,10.706724007
206.9134,10.870099892
206.9211,11.046367777
206.9287,11.233716664
206.9364,11.437846549
206.9441,11.657193435
206.9518,11.89259632
206.9594,12.141536207
206.9671,12.411455092
206.9748,12.700118977
206.9825,13.008489862
206.9901,13.333142749
206.9978,13.683627634
207.0055,14.05684952
207.0132,14.453874405
207.0208,14.870147291
207.0285,15.317725177
207.0362,15.792418062
207.0439,16.295385947
207.0515,16.820672834
207.0592,17.383253719
207.0669,17.977610604
207.0746,18.60492649
207.0822,19.257560376
207.0899,19.953890262
207.0976,20.686707147
207.1053,21.457194032
207.1129,22.255750919
207.1206,23.104501804
207.1283,23.994322689
207.1436,25.888505461
207.1541,27.288894305
207.1645,28.75931615
207.1749,30.314876995
207.1853,31.95751484
207.1958,33.706042683
207.2062,35.528601528
207.2166,37.442564373
207.227,39.448740218
207.2375,41.568228062
207.2479,43.760731907
207.2583,46.045665752
207.2687,48.422244597
207.2896,53.469927285
207.3104,58.839592975
207.3225,62.112931795
207.3345,65.460692616
207.3586,72.460232257
207.3827,79.769773898
207.4068,87.305051538
207.4277,93.946152227
207.4485,100.577991917
207.4902,113.622211295
207.5143,120.792970936
207.5384,127.525990577
207.5626,133.711830216
207.5669,134.740730152
207.5801,137.752689955
207.5922,140.307039775
207.6042,142.630819596
207.6163,144.749929416
207.6284,146.632409236
207.6404,148.255079057
207.6524,149.625628878
207.6645,150.744428698
207.6775,151.645098504
207.6982,152.421568195
207.7,152.450538168
207.7038,152.491288112
207.7076,152.504508055
207.7189,152.380757887
207.7302,152.013797718
207.751,150.710707408
207.7717,148.6278171
207.7849,146.906546903
207.798,144.909556708
207.8187,141.201706399
207.8393,136.894796092
207.86,132.017415784
207.8806,126.692735477
207.8975,122.030235225
207.9144,117.151444973
207.9482,106.929044469
207.9895,94.037263854
208.0308,81.266553238
208.0609,72.328082789
208.0759,68.047512566
208.0909,63.904062342
208.106,59.884772117
208.121,56.053751894
208.136,52.39240167
208.151,48.907081446
208.1614,46.596271291
208.1717,44.394011138
208.1821,42.258020983
208.1924,40.229410829
208.2028,38.268500674
208.2131,36.412356521
208.2234,34.640746367
208.2337,32.952468214
208.2441,31.330836059
208.2544,29.805322905
208.2648,28.34436775
208.2751,26.973975597
208.2855,25.665240442
208.2958,24.440979288
208.3061,23.285791135
208.3164,22.197128981
208.3254,21.298301847
208.3343,20.455750714
208.3432,19.657486582
208.3521,18.901803449
208.3611,18.179180315
208.37,17.503932182
208.3789,16.86611205
208.3878,16.264044917
208.3968,15.689884783
208.4057,15.15475565
208.4146,14.650501518
208.4235,14.175575385
208.4325,13.723600251
208.4414,13.303141118
208.4503,12.907607986
208.4592,12.535629853
208.4682,12.182081719
208.4771,11.853534586
208.486,11.544722453
208.4949,11.254475321
208.5039,10.978706187
208.5128,10.722470054
208.5217,10.481590921
208.5306,10.255102789
208.5396,10.039768655
208.5485,9.839498522
208.5574,9.651002389
208.5663,9.473506257
208.5752,9.306275124
208.5841,9.148620991
208.593,8.999893859
208.6019,8.859484726
208.616,8.652677516
208.6301,8.463232306
208.6442,8.289265096
208.6583,8.129088885
208.6724,7.981199675
208.6865,7.844248465
208.7006,7.717040255
208.7146,7.599325046
208.7287,7.488486836
208.7428,7.384560626
208.771,7.194591206
208.7992,7.024515785
208.8273,6.871059367
208.8555,6.730196946
208.8837,6.600222526
208.9119,6.479367106
208.94,6.366637687
208.9682,6.260145266
208.9964,6.159439846
209.0527,5.973041007
209.0978,5.835586335
209.1429,5.706986663
209.188,5.586046991
209.233,5.47206732
209.3232,5.260766975
209.4133,5.068761633
209.5035,4.892168288
209.5937,4.728617944
209.6839,4.576126599
209.774,4.433300257
209.8642,4.298593912
209.9544,4.171186568
210.0446,4.050268224
210.1347,3.935297881
210.3151,3.720411192
210.4954,3.523207505
210.6757,3.340835817
210.856,3.17113033
211.0363,3.012451342
211.2166,2.863626755
211.3969,2.723764868
211.5772,2.592125381
211.8177,2.428286496
212.0581,2.276912913
212.2986,2.137024929
212.539,2.008096246
212.7795,1.889606961
212.8997,1.83428647
213.0199,1.781579478
213.1401,1.731499387
213.2603,1.684055295
213.3805,1.639261604
213.5007,1.597141712
213.5909,1.567313768
213.6811,1.539033423
213.7713,1.512323679
213.8614,1.487241636
213.9516,1.463761192
214.0417,1.441970249
214.1319,1.421861604
214.222,1.403525562
214.3047,1.388277829
214.3873,1.374605098
214.47,1.362518765
214.5526,1.352094634
214.6353,1.343358602
214.7179,1.33638317
214.8006,1.331210438
214.8832,1.327910807
214.9659,1.326545124
215.0485,1.327185143
215.1312,1.32991025
215.2138,1.334795849
215.2965,1.341940457
215.3791,1.351416415
215.4618,1.363339593
215.5031,1.370236127
215.5444,1.377775962
215.6045,1.389923666
215.6346,1.396542657
215.6646,1.40350135
215.706,1.413708153
215.7473,1.424602808
215.7886,1.436222842
215.8299,1.448588227
215.8713,1.4617466
215.9126,1.475655214
215.9539,1.490363698
215.9952,1.505890773
216.0366,1.522300276
216.0779,1.53953289
216.1192,1.557649585
216.1605,1.576671469
216.2019,1.596671082
216.2432,1.617574507
216.2845,1.639453341
216.3258,1.662330165
216.3672,1.686290448
216.4085,1.711244103
216.4498,1.737274057
216.4911,1.764408342
216.5325,1.792743425
216.5738,1.822174209
216.6151,1.852796794
216.6564,1.884644478
216.6978,1.917829861
216.7391,1.952228145
216.7804,1.98795153
216.8217,2.025038214
216.8631,2.063620497
216.9044,2.103550182
216.9457,2.144960166
216.987,2.187890951
217.0284,2.232496534
217.0697,2.278607418
217.111,2.326374202
217.1523,2.375846487
217.1937,2.42719987
217.235,2.480237754
217.2763,2.535137639
217.3176,2.591953123
217.359,2.650889006
217.4003,2.711719591
217.4416,2.774646775
217.4829,2.839736159
217.5243,2.907220042
217.5656,2.976843027
217.6069,3.048837511
217.6482,3.123279596
217.6896,3.200436479
217.7309,3.280017663
217.7722,3.362289048
217.8135,3.447342432
217.8962,3.626382199
217.9788,3.817484968
218.0615,4.021961736
218.1441,4.240238505
218.2268,4.473843272
218.3094,4.723302041
218.3921,4.990404808
218.4747,5.275804577
218.5574,5.581609345
218.64,5.908631114
218.7227,6.259363881
218.8053,6.63482665
218.888,7.037988417
218.9706,7.470137186
219.0533,7.934822954
219.1359,8.433685722
219.2186,8.97100549
219.3012,9.548883259
219.3839,10.172513026
219.4665,10.844610795
219.5492,11.571535562
219.6318,12.356823331
219.7145,13.208333099
219.7972,14.131874866
219.8799,15.135039633
219.9625,16.225062402
220.0452,17.41435517
220.1278,18.711179939
220.2105,20.131451706
220.2518,20.890876091
220.2931,21.686373475
220.3345,22.522184858
220.3758,23.396634242
220.4171,24.314229627
220.4584,25.277688011
220.4998,26.292483394
220.5411,27.356893779
220.5824,28.476776163
220.6237,29.655864548
220.6651,30.901305931
220.7064,32.211497315
220.7477,33.594164699
220.789,35.054561084
220.8303,36.598372468
220.8716,38.231851853
220.9129,39.961841237
220.9542,41.795820622
220.9899,43.47126009
221.0256,45.236379557
221.0613,47.097529025
221.097,49.061638493
221.1327,51.136267961
221.1684,53.329697429
221.2041,55.651026897
221.2398,58.110226365
221.2755,60.718295833
221.3112,63.487365301
221.3469,66.430844769
221.3826,69.563604237
221.4183,72.902133704
221.454,76.464833172
221.4897,80.27217264
221.5253,84.33534211
221.5667,89.429221493
221.608,94.949490877
221.6493,100.960310262
221.6906,107.522339646
221.7319,114.70626903
221.7732,122.594878415
221.8145,131.285847799
221.8558,140.895117184
221.8765,146.099206875
221.8972,151.588426567
221.9179,157.384526258
221.9385,163.481285951
221.9592,169.964445643
221.9798,176.800435336
222.0005,184.088175027
222.0211,191.79283472
222.0418,200.029084412
222.0625,208.805114103
222.0832,218.170263794
222.1038,228.129703487
222.1245,238.840903179
222.1451,250.268032872
222.1658,262.597402563
222.1864,275.793512256
222.2062,289.434301961
222.2259,304.028531668
222.2456,319.741731374
222.2653,336.68331108
222.2851,355.069740785
222.3048,374.847890492
222.3245,396.251360198
222.3442,419.437959904
222.364,444.711719609
222.3837,472.003899316
222.4034,501.637049022
222.4231,533.825818728
222.4429,568.984518433
222.4626,607.00171814
222.4823,648.303717846
222.502,693.157917552
222.5227,744.419817244
222.5434,800.239616935
222.5641,860.952716627
222.5847,926.56261632
222.6054,998.035316011
222.626,1074.9953157
222.6467,1158.4879154
222.6673,1247.97571509
222.688,1344.56151478
222.7087,1448.01791447
222.7294,1558.47741416
222.75,1675.42231386
222.7707,1799.97911355
222.7913,1930.84721324
222.812,2069.10391293
222.8326,2213.11781263
222.8533,2363.87661232
222.8739,2519.39711201
222.9152,2844.97151139
222.9978,3525.43661016
223.0336,3817.58860963
223.0693,4097.0644091
223.1051,4357.74090856
223.1408,4590.50850803
223.1593,4698.03540776
223.1778,4795.38280748
223.1963,4881.6927072
223.2148,4956.18920693
223.2333,5018.19830665
223.2518,5067.15350638
223.2703,5102.6083061
223.2887,5124.16020583
223.3,5130.53310566
223.3115,5131.62970549
223.3316,5120.50430519
223.3516,5093.11310489
223.3716,5049.77020459
223.3916,4990.98040429
223.4116,4917.41490399
223.4316,4829.8940037
223.4516,4729.3742034
223.4716,4616.9280031
223.4923,4489.23670279
223.5129,4352.09450249
223.5542,4052.65670187
223.5955,3730.34060125
223.6367,3397.45370064
223.679,3054.91770001
223.7212,2722.10729938
223.7424,2560.82029907
223.7635,2405.31009875
223.7846,2255.45449844
223.8057,2111.77599812
223.8268,1974.67149781
223.8479,1844.42429749
223.869,1721.20479718
223.8901,1605.08759686
223.9112,1496.05889655
223.9323,1394.02959624
223.9534,1298.84249592
223.9745,1210.28809561
223.988,1156.9936954
224.0014,1106.60399521
224.0149,1058.288495
224.0283,1012.6819948
224.0418,969.018894603
224.0552,927.860394403
224.0686,888.787894203
224.082,851.714494003
224.0955,816.297393802
224.1089,782.974293602
224.1224,751.160993401
224.1358,721.243993202
224.1493,692.693093
224.1627,665.850592801
224.1761,640.421392601
224.1895,616.329992401
224.2107,580.771732085
224.2318,548.255291771
224.2529,518.354271456
224.274,490.835001142
224.2952,465.366920826
224.3163,441.991550511
224.3374,420.402800197
224.3585,400.436019882
224.3797,381.857059566
224.4008,364.705229252
224.4219,348.766938937
224.443,333.931958623
224.4641,320.100738308
224.4852,307.183807994
224.5063,295.100887679
224.5274,283.779487365
224.5486,273.106107049
224.5697,263.122716735
224.5908,253.72483642
224.6119,244.865376106
224.6331,236.46303579
224.6542,228.558645475
224.6964,213.986004846
224.7387,200.836934216
224.7809,188.975553587
224.8231,178.205142958
224.8653,168.388572329
224.9018,160.577901785
224.9383,153.330171241
224.9748,146.589880697
225.0112,140.324860154
225.0477,134.45799961
225.0842,128.969469066
225.1207,123.825678522
225.1571,119.00995798
225.1936,114.469347436
225.2301,110.193886892
225.2666,106.162376348
225.303,102.365905805
225.3395,98.766485261
225.3759,95.368414719
225.4488,89.083323632
225.4911,85.723923002
225.5333,82.562232373
225.5756,79.568551742
225.6178,76.743821113
225.7023,71.526699854
225.7867,66.832768596
225.8712,62.581752336
225.9557,58.721681077
226.0402,55.203919817
226.1246,51.990955559
226.2321,48.279063957
226.3396,44.937707355
226.4471,41.916573753
226.5546,39.173547151
226.6391,37.189267891
226.7236,35.339958632
226.8081,33.612638372
226.8925,31.997812114
226.977,30.481688855
227.0614,29.059076597
227.1459,27.718808337
227.2303,26.45711408
227.3148,25.26478582
227.3993,24.137735561
227.4838,23.070925301
227.5682,22.060972044
227.6527,21.101391784
227.7371,20.190784526
227.8216,19.323686267
227.906,18.499151009
228.0289,17.367314177
228.1517,16.311526347
228.2746,15.324001515
228.3974,14.401330685
228.4896,13.748176311
228.5817,13.128138938
228.6739,12.538857564
228.766,11.980948191
228.8582,11.452928817
228.9503,10.956133444
229.0425,10.49022307
229.1346,10.057609697
229.2191,9.691412438
229.3036,9.357144178
229.3881,9.058226919
229.4725,8.799592661
229.557,8.586948401
229.5993,8.500489771
229.6415,8.429272142
229.6838,8.374567512
229.726,8.338540883
229.7682,8.323314254
229.8104,8.331626625
229.8565,8.371550938
229.9026,8.44890725
229.9487,8.570543563
229.9717,8.650456221
229.9947,8.744916878
230.0178,8.856005533
230.0408,8.984597191
230.0639,9.133974846
230.0869,9.305386504
230.11,9.503362159
230.1215,9.612667988
230.133,9.729787816
230.1445,9.855282645
230.156,9.989769474
230.1675,10.133924302
230.179,10.288492131
230.1896,10.440884973
230.2002,10.603517815
230.2108,10.777155657
230.2213,10.9608235
230.2319,11.158926342
230.2424,11.368705186
230.253,11.595235028
230.2635,11.835401871
230.2741,12.095077713
230.2846,12.370732557
230.2952,12.669155399
230.3057,12.986375243
230.3163,13.330234085
230.3268,13.696209928
230.3374,14.09343377
230.3479,14.516721614
230.3542,14.78596152
230.3604,15.062797427
230.3667,15.356755333
230.3729,15.659098241
230.3792,15.980246147
230.3854,16.310680055
230.3917,16.661762961
230.3979,17.023110868
230.4042,17.407147774
230.4104,17.802499682
230.4167,18.222791588
230.4229,18.655559496
230.4292,19.115699402
230.4354,19.589581309
230.4416,20.085346217
230.4478,20.604014125
230.4531,21.066376046
230.4584,21.546972967
230.4637,22.046538888
230.4689,22.55583781
230.4742,23.095234731
230.4795,23.655906652
230.4848,24.238700573
230.49,24.832838496
230.4953,25.462026417
230.5006,26.115995338
230.5059,26.795682259
230.5111,27.488474181
230.5164,28.222025102
230.5217,28.984296023
230.5322,30.583481867
230.5428,32.325350709
230.5533,34.186285552
230.5639,36.211617394
230.5744,38.373420238
230.585,40.72380708
230.5955,43.229746923
230.6061,45.950976765
230.6166,48.848486609
230.6272,51.990506451
230.6378,55.364026293
230.6484,58.983146135
230.6589,62.824535978
230.6695,66.97617582
230.68,71.374775664
230.6906,76.119615506
230.7011,81.136785349
230.7117,86.537835191
230.7223,92.292835033
230.7329,98.418124875
230.7434,104.866794719
230.754,111.777784561
230.7645,119.036444404
230.7751,126.796704246
230.7856,134.92718409
230.7962,143.597513932
230.8067,152.658003775
230.8173,162.294593617
230.8278,172.337673461
230.8384,182.990043303
230.8489,194.060803146
230.8595,205.769632988
230.87,217.903182832
230.8806,230.698172674
230.8912,244.045812516
230.9018,257.948352358
230.9123,272.266892201
230.9229,287.272092043
230.9334,302.676591887
230.9545,335.230491572
230.9756,369.843591258
230.9967,406.387090944
231.0178,444.686690629
231.0389,484.520190315
231.0601,525.815889999
231.0812,567.867289684
231.1234,653.334489055
231.1542,715.283888596
231.1849,775.065188139
231.206,814.232287824
231.2271,851.26648751
231.2482,885.682987195
231.2693,917.016386881
231.2904,944.831586566
231.3115,968.734186252
231.3322,988.048685943
231.3528,1002.93408564
231.3731,1013.16998533
231.3933,1018.85168503
231.4,1019.73008493
231.4034,1019.98318488
231.4144,1019.91308472
231.4254,1018.48708455
231.4473,1011.64658423
231.4647,1002.48568397
231.482,990.21318371
231.4991,975.109983456
231.5161,957.318683202
231.5347,934.890282925
231.5533,909.619082648
231.5704,884.122482393
231.5874,856.866682139
231.6215,797.448781631
231.6557,733.203281121
231.6898,666.540680613
231.7394,568.850879874
231.7642,521.108879504
231.789,474.839779135
231.8061,444.03237888
231.8232,414.263478625
231.8403,385.63587837
231.8573,358.389478117
231.8744,332.267777862
231.8914,307.622077608
231.9085,284.191477354
231.9255,262.2631771
231.9364,248.919876938
231.9472,236.247676777
231.9581,224.007376614
231.9689,212.416576453
231.9798,201.252346291
231.9906,190.70992613
232.0015,180.582795967
232.0123,171.044615807
232.0232,161.905425644
232.034,153.318905483
232.0449,145.111145321
232.0557,137.41747516
232.0666,130.079454997
232.0774,123.215674836
232.0883,116.682534674
232.0991,110.583494513
232.1077,105.982314385
232.1162,101.648494258
232.1248,97.47195413
232.1333,93.541954003
232.1419,89.758123875
232.1504,86.200783748
232.1589,82.817353622
232.1674,79.600503495
232.176,76.508003367
232.1845,73.60469324
232.193,70.846833113
232.2015,68.227762987
232.2101,65.712522858
232.2186,63.353272732
232.2271,61.113932605
232.2356,58.988602478
232.2442,56.94854235
232.2527,55.035662224
232.2612,53.220372097
232.2697,51.49761197
232.2868,48.292751715
232.3038,45.422081462
232.3209,42.818201207
232.3379,40.481250954
232.355,38.356110699
232.372,36.442890445
232.3837,35.230090271
232.3953,34.103820098
232.407,33.038649924
232.4186,32.047309751
232.4303,31.107559576
232.4419,30.230799404
232.4651,28.624699058
232.4884,27.184788711
232.5116,25.897948365
232.5349,24.731628017
232.5581,23.677977672
232.5814,22.712887324
232.6047,21.828496977
232.628,21.01431763
232.6512,20.264642284
232.6745,19.565650937
232.6977,18.917180591
232.721,18.308427244
232.7442,17.740201898
232.7784,16.963764388
232.8125,16.25352288
232.8466,15.599119372
232.8807,14.994021863
232.9148,14.432818355
232.9489,13.910972847
232.983,13.424642339
233.0171,12.97055383
233.0513,12.544676321
233.0854,12.147032813
233.1195,11.774190304
233.1536,11.424266796
233.1877,11.095607288
233.2218,10.78674478
233.2559,10.496381271
233.29,10.223358763
233.3211,9.9886053
233.3521,9.767410838
233.3831,9.558377375
233.4141,9.360938913
233.4451,9.174586451
233.4761,8.998860989
233.5071,8.833348527
233.5381,8.677675065
233.5816,8.475187417
233.625,8.29101377
233.6684,8.123980123
233.7118,7.973508476
233.7552,7.83911683
233.7986,7.720412183
233.842,7.617084536
233.8637,7.571110212
233.8854,7.528897889
233.9195,7.470123781
233.9536,7.420545773
233.9877,7.380138564
234.0218,7.348900356
234.0389,7.336694201
234.0559,7.326854748
234.073,7.319272793
234.09,7.31404574
234.1071,7.311120285
234.1241,7.310542431
234.1412,7.312315276
234.1582,7.316433623
234.1753,7.322959468
234.1924,7.331892413
234.2095,7.343250158
234.2265,7.356964405
234.2436,7.37321685
234.2606,7.391837897
234.2777,7.413072042
234.2947,7.436694289
234.3118,7.463009834
234.3288,7.49173858
234.3459,7.523247125
234.3629,7.557198472
234.38,7.594023717
234.397,7.633327064
234.4141,7.675605309
234.4311,7.720401656
234.4559,7.790777086
234.473,7.842833631
234.4901,7.897822476
234.5072,7.955788821
234.5242,8.016413568
234.5413,8.080459713
234.5583,8.14722776
234.5754,8.217556105
234.5924,8.290676152
234.6095,8.367505097
234.6265,8.447202243
234.6436,8.530766188
234.6606,8.617283335
234.6777,8.70783538
234.6947,8.801430527
234.7118,8.899240572
234.7288,9.000194219
234.7459,9.105553564
234.763,9.214814509
234.7801,9.328057654
234.7971,9.444668101
234.8142,9.566106046
234.8312,9.691037992
234.8483,9.821026737
234.8653,9.954645484
234.8824,10.093567129
234.8994,10.236266776
234.9165,10.384530521
234.9335,10.536730268
234.9506,10.694771013
234.9676,10.856920759
234.9847,11.025207505
235.0017,11.197788251
235.0188,11.376821996
235.0359,11.561443741
235.053,11.751791487
235.07,11.946846233
235.0871,12.149055978
235.1041,12.356202725
235.1382,12.790743217
235.1723,13.251815708
235.2064,13.7408372
235.2405,14.259370692
235.2746,14.809041184
235.3088,15.393385674
235.3429,16.010900166
235.377,16.665296658
235.4111,17.358783149
235.4452,18.093721641
235.4793,18.872697133
235.5134,19.698466625
235.5475,20.574020116
235.5817,21.505416607
235.6158,22.490713098
235.6499,23.53637159
235.684,24.646505082
235.7181,25.825617574
235.7522,27.078580065
235.7863,28.410749557
235.8204,29.827929049
235.8546,31.341048539
235.8887,32.948248031
235.9228,34.661447523
235.9569,36.489057014
235.991,38.440346506
236.0251,40.525495998
236.0592,42.75581549
236.0933,45.143794981
236.1275,47.711084472
236.1616,50.458173963
236.1957,53.409583455
236.2298,56.584612947
236.2639,60.004952439
236.298,63.695001931
236.3321,67.682341422
236.3662,71.998210914
236.4004,76.692480404
236.4345,81.778429896
236.4686,87.315799388
236.5027,93.35825888
236.5369,99.98812837
236.571,107.238967862
236.5881,111.141657607
236.6051,115.213457353
236.6222,119.515137098
236.6392,124.010206845
236.6563,128.76668659
236.6733,133.745246337
236.6904,139.022316082
236.7074,144.555505829
236.7245,150.431065574
236.7415,156.60314532
236.7586,163.169525065
236.7756,170.080554812
236.7927,177.447504557
236.8097,185.216304304
236.8268,193.514084049
236.8438,202.281943796
236.8609,211.665263541
236.8779,221.599823287
236.895,232.252173033
236.912,243.551472779
236.9291,255.689372524
236.9462,268.665532269
236.9633,282.549012015
236.9803,297.324431761
236.9974,313.245851506
237.0144,330.212101253
237.0315,348.515100998
237.0485,368.038300745
237.0656,389.11660049
237.0826,411.613700236
237.0997,435.912199982
237.1167,461.851099728
237.1338,489.865899473
237.1508,519.76359922
237.1679,552.037098965
237.1849,586.453498712
237.1966,611.567598537
237.2082,637.671398364
237.2198,665.022398192
237.2314,693.669198019
237.2431,723.924497844
237.2547,755.319597671
237.2663,788.155097498
237.2779,822.477797326
237.3012,896.097396978
237.3244,975.898096633
237.3477,1062.88929629
237.3709,1156.59979594
237.388,1230.33169568
237.4051,1308.09239543
237.4222,1389.92169517
237.4392,1475.31779492
237.4563,1565.26949467
237.4733,1658.67709441
237.4904,1756.55409416
237.5074,1857.6357939
237.5415,2071.0659934
237.5756,2297.17349289
237.6097,2533.46469238
237.6438,2776.74019187
237.712,3268.14769086
237.7461,3506.86759035
237.7802,3734.02818984
237.8169,3959.44598929
237.8536,4158.72158875
237.872,4246.86568847
237.8903,4325.8082882
237.9086,4395.42928793
237.9269,4455.18028765
237.9452,4504.58828738
237.9635,4543.26628711
237.9818,4570.91628683
238.0,4587.27728656
238.0122,4591.97128638
238.0321,4588.80428609
238.0519,4572.41828579
238.0717,4543.04628549
238.0915,4501.0332852
238.1113,4446.8502849
238.1311,4381.07938461
238.1509,4304.40928431
238.1707,4217.61678402
238.2054,4043.7232835
238.24,3847.04748299
238.2747,3631.83198247
238.3093,3404.76828195
238.3791,2930.10438091
238.414,2694.10418039
238.4489,2464.46117987
238.4838,2244.40487935
238.5187,2036.42547883
238.5362,1937.26587857
238.5536,1842.29067831
238.5711,1750.52507805
238.5885,1663.09597779
238.6036,1590.33967757
238.6187,1520.48787734
238.6338,1453.53437712
238.6488,1389.87257689
238.6639,1328.61717667
238.6789,1270.53377644
238.694,1214.79097622
238.709,1162.062076
238.7241,1111.57047577
238.7392,1063.59647555
238.7543,1018.05517532
238.7693,975.136275097
238.7844,934.176374872
238.7994,895.625874648
238.8145,858.876774423
238.8295,824.3225742
238.847,786.344273939
238.8644,750.93987368
238.8819,717.561373419
238.8993,686.45437316
238.9168,657.128872899
238.9342,629.794272639
238.9517,604.014372379
238.9691,579.969472119
238.9866,557.273671858
239.004,536.083731599
239.0215,516.058891338
239.0389,497.337731079
239.0564,479.619760818
239.0738,463.028610559
239.0913,447.299730298
239.1087,432.544730039
239.1278,417.288349754
239.1468,403.014599471
239.1659,389.503099186
239.1849,376.831748903
239.204,364.808308618
239.223,353.505318335
239.242,342.809368052
239.261,332.676117769
239.2991,313.891867201
239.3371,296.965416634
239.3752,281.567936067
239.4132,267.5792955
239.4481,255.79073498
239.483,244.90095446
239.5179,234.81405394
239.5528,225.447203419
239.5877,216.728352899
239.6226,208.594542379
239.6575,200.990921859
239.6924,193.869081339
239.7273,187.186190819
239.7622,180.904420298
239.7971,174.990079778
239.832,169.413099258
239.8669,164.146648738
239.9018,159.166478218
239.9367,154.450867698
239.9716,149.980217177
240.0065,145.736736657
240.0414,141.704266137
240.1112,134.215115097
240.181,127.410024056
240.2507,121.211743018
240.3205,115.530261977
240.3903,110.313410937
240.4601,105.508729897
240.5298,101.077288858
240.5806,98.055688101
240.6314,95.194577344
240.6822,92.481946586
240.7329,89.911855831
240.8027,86.57981479
240.8725,83.46609175
240.9423,80.55044871
241.0121,77.815067669
241.0819,75.244175629
241.1517,72.823794589
241.2215,70.541453549
241.2912,68.38903651
241.361,66.350378469
241.4308,64.419651429
241.5006,62.588719389
241.5704,60.850220348
241.6402,59.197458308
241.71,57.624335268
241.8495,54.697331188
241.9891,52.026193108
242.1287,49.580559027
242.2683,47.332941946
242.4078,45.261483867
242.5474,43.343339787
242.687,41.563017706
242.8266,39.905886625
242.9661,38.360396546
243.0867,37.104760749
243.2072,35.917906953
243.3278,34.791972155
243.4483,33.723451359
243.5689,32.705813562
243.6894,31.736592766
243.81,30.810560968
243.9305,29.926043172
244.0511,29.078619375
244.1716,28.266969579
244.4127,26.738403985
244.6538,25.322479392
244.8949,24.004051798
245.1487,22.707366016
245.4025,21.491597233
245.6563,20.34569645
245.91,19.260538669
246.1638,18.226914886
246.4176,17.237966103
246.6714,16.28719232
246.9251,15.369241539
247.1409,14.610169323
247.3566,13.868487108
247.5723,13.141448893
247.788,12.427036678
248.0037,11.723661463
248.1116,11.375634855
248.2194,11.030406249
248.3273,10.68735764
248.4351,10.347215034
248.543,10.009523425
248.6508,9.675185819
248.7904,9.247422738
248.93,8.826766657
249.0696,8.415147577
249.1394,8.213551536
249.2092,8.015329496
249.279,7.821006456
249.3488,7.631198415
249.4186,7.446638375
249.4884,7.268190335
249.5582,7.096879294
249.628,6.933921254
249.6978,6.780761214
249.7675,6.639317175
249.8183,6.544625418
249.869,6.458202662
249.9357,6.358594668
250.0023,6.277695675
250.0689,6.218674683
250.1355,6.18553469
250.2021,6.183108698
250.2354,6.195201201
250.2687,6.217267705
250.302,6.250250209
250.3353,6.295188713
250.3686,6.353242217
250.4019,6.425699722
250.4368,6.518670103
250.4543,6.572413043
250.4717,6.630900284
250.4892,6.695074424
250.5066,6.764486766
250.5241,6.840241406
250.5415,6.921795649
250.559,7.01043519
250.5764,7.105513533
250.5939,7.208520374
250.6113,7.318698518
250.6288,7.43776666
250.6462,7.564845905
250.6637,7.701916348
250.6811,7.847966194
250.6986,8.005276439
250.716,8.172690486
250.7335,8.352837233
250.7509,8.544393881
250.7684,8.75038073
250.7858,8.969321081
250.8033,9.204690232
250.8207,9.454820785
250.8382,9.723735739
250.8556,10.009590095
250.8731,10.317021852
250.8818,10.477760732
250.8905,10.644001612
250.8993,10.817966491
250.908,10.995919373
250.9167,11.180033254
250.9254,11.370546136
250.9342,11.570017018
250.9429,11.774177901
250.9516,11.985543785
250.9603,12.204400669
250.9691,12.433704552
250.9778,12.668591438
250.9865,12.911956324
250.9952,13.164164211
251.004,13.428669097
251.0127,13.699853985
251.0214,13.981111874
251.0301,14.272895763
251.0389,14.579235652
251.0476,14.893691542
251.0563,15.220214434
251.065,15.559371326
251.0737,15.911788219
251.0824,16.278110112
251.0911,16.659007007
251.0998,17.055218902
251.1076,17.424085808
251.1153,17.801497717
251.1231,18.197849625
251.1308,18.603625534
251.1386,19.030057443
251.1463,19.466908354
251.1541,19.926318264
251.1618,20.397280176
251.1696,20.892890088
251.1773,21.401319001
251.1851,21.936746914
251.1928,22.486419828
251.2006,23.065682742
251.2083,23.660785658
251.216,24.280180574
251.2237,24.925059491
251.2358,25.993084362
251.2478,27.122914236
251.2599,28.339148109
251.2719,29.627899986
251.284,31.017489862
251.296,32.492269741
251.3081,34.084879621
251.3201,35.777599503
251.3306,37.358539401
251.341,39.023109301
251.3514,40.792889201
251.3618,42.675249103
251.3722,44.678109006
251.3826,46.809908909
251.393,49.079618814
251.4034,51.496788719
251.4138,54.071558625
251.4242,56.814708532
251.4346,59.73763844
251.445,62.852428349
251.4554,66.171868258
251.4658,69.709388168
251.4762,73.479238079
251.4866,77.496327991
251.4987,82.502117889
251.5107,87.843767788
251.5228,93.637567688
251.5348,99.816107589
251.5469,106.51247749
251.5589,113.647107393
251.571,121.371797295
251.583,129.592667199
251.5951,138.482197103
251.6071,147.929697008
251.6192,158.130426913
251.6312,168.954156819
251.6433,180.620886725
251.6553,192.977826632
251.6673,206.15840654
251.6793,220.203246447
251.6925,236.699506346
251.7056,254.206886247
251.7188,273.045986146
251.7319,292.983386047
251.7451,314.374185948
251.7582,336.943085849
251.7713,360.892885751
251.7844,386.266785653
251.7965,411.002685563
251.8085,436.794685473
251.8206,464.096785383
251.8326,492.477985294
251.8447,522.427685205
251.8567,553.461985116
251.8688,586.104785026
251.8808,619.817384938
251.8929,655.156484848
251.9049,691.52708476
251.929,768.473984582
251.9531,850.429784405
251.9772,937.045684228
252.0013,1027.84538405
252.0254,1122.22238387
252.0736,1318.63578352
252.1218,1518.94038317
252.1699,1713.77408282
252.1941,1806.77738264
252.2182,1894.34788246
252.2423,1975.61648229
252.2663,2049.08238211
252.291,2115.74038193
252.3157,2172.23778175
252.3326,2204.55308162
252.3495,2231.4220815
252.3664,2252.63758138
252.3832,2267.96678125
252.4,2277.44498113
252.4057,2279.31848109
252.424,2280.72578096
252.4423,2275.12128082
252.4606,2262.58958069
252.4788,2243.40628056
252.4982,2215.81898041
252.5175,2181.39028027
252.5368,2140.39748013
252.5561,2093.30047999
252.5763,2038.03307984
252.5964,1977.60147969
252.6165,1912.42367955
252.6366,1843.2006794
252.6769,1695.1144791
252.7172,1539.41197881
252.7722,1324.38947841
252.7997,1219.16857821
252.8272,1117.171478
252.8474,1044.90537786
252.8675,975.60497771
252.8877,908.851577562
252.9078,845.517177415
252.928,785.127077267
252.9481,728.38137712
252.9683,674.769676972
252.9884,624.832076825
253.0086,578.042176677
253.0287,534.79957653
253.0489,494.580876382
253.059,475.653376309
253.069,457.667976235
253.0791,440.247576161
253.0892,423.557156087
253.0993,407.577376014
253.1093,392.43618594
253.1194,377.810495866
253.1295,363.834135793
253.1396,350.485785719
253.1496,337.867375645
253.167,317.266975518
253.1844,298.294025391
253.2018,280.839845263
253.2192,264.798035136
253.2366,250.065265009
253.254,236.541954881
253.2714,224.132854754
253.2888,212.747634627
253.3062,202.300774499
253.3236,192.712004372
253.341,183.906554245
253.3584,175.814654117
253.3758,168.37188399
253.3932,161.518833863
253.4106,155.200793735
253.428,149.368063608
253.4482,143.14529346
253.4684,137.450983312
253.4886,132.227713164
253.5087,127.447273017
253.5289,123.017182869
253.549,118.941382722
253.5692,115.144332575
253.5893,111.632562427
253.6095,108.34377228
253.6296,105.286512132
253.6498,102.409111985
253.6699,99.721441838
253.6901,97.18025169
253.7102,94.796231543
253.7304,92.532771395
253.7505,90.400961248
253.778,87.660961046
253.8055,85.104950845
253.833,82.713840644
253.8604,80.479126443
253.8879,78.370328242
253.9154,76.383535041
253.9429,74.50796284
253.9703,72.740407639
253.9978,71.059615438
254.0253,69.464802237
254.0528,67.949331035
254.0802,66.512420835
254.1352,63.827405432
254.1901,61.38288703
254.2304,59.720604735
254.2707,58.158703441
254.311,56.688262146
254.3513,55.301411851
254.3916,53.991195556
254.4319,52.751371261
254.4722,51.576398966
254.5125,50.461293671
254.5528,49.401571376
254.5931,48.393179081
254.6334,47.432457786
254.6737,46.516097491
254.7543,44.804622901
254.8349,43.237627311
254.8862,42.307308936
254.9375,41.42434156
254.9888,40.585159185
255.0401,39.78653981
255.0914,39.025583434
255.1427,38.299628059
255.2453,36.943280308
255.3479,35.700619557
255.4505,34.557457806
255.5531,33.501877055
255.6556,32.524718305
255.7362,31.805058715
255.8168,31.124337125
255.8974,30.479364535
255.978,29.867284945
256.0586,29.285551356
256.1392,28.731831766
256.2198,28.204077176
256.3004,27.700372586
256.4616,26.758470406
256.6228,25.894235226
256.784,25.097774047
256.9452,24.360815867
257.1211,23.61642058
257.2969,22.927471293
257.4728,22.286831006
257.6486,21.689671019
257.8098,21.175735639
257.971,20.690542859
258.1322,20.23134668
258.2934,19.7958488
258.4546,19.38206502
258.6158,18.98821104
258.777,18.61264746
258.9382,18.253908481
259.0994,17.910660101
259.2606,17.581717021
259.583,16.962597562
259.9054,16.389172902
260.2278,15.855391543
260.477,15.466745519
260.7261,15.096952096
260.9753,14.744083272
261.2244,14.407136949
261.4736,14.084473125
261.7227,13.774552202
262.2209,13.187808756
262.7192,12.640611709
263.2174,12.127610463
263.7157,11.6437239161
264.2139,11.1850716699
264.6243,10.8237071663
265.0346,10.4755168635
265.4449,10.1389432606
265.8552,9.8127151578
266.2656,9.4956009542
266.6759,9.1867229514
267.0862,8.8850667486
267.4965,8.5897819457
268.1414,8.1366836259
268.7862,7.6947561069
269.431,7.2615023878
270.0758,6.8347440687
270.7207,6.412441349
271.0431,6.2024526895
271.3655,5.9929412299
271.6879,5.7837115704
272.0103,5.5745860108
272.3327,5.3654009513
272.6551,5.1560105918
273.0362,4.9080684027
273.4172,4.6596016143
273.7982,4.4104692258
274.1792,4.1606520374
274.5603,3.9102466483
274.9413,3.6597465599
275.1318,3.5346172657
275.3223,3.4097077715
275.5128,3.2851556773
275.7033,3.1611353831
275.9085,3.0283882813
276.1137,2.8968418795
276.3189,2.7669175778
276.524,2.6391990767
276.7292,2.5142101749
276.9343,2.3928715739
277.1395,2.2760587721
277.3446,2.165171771
277.4912,2.0904244981
277.6377,2.0203262259
277.7843,1.955664353
277.9308,1.8975612808
278.0774,1.8471734079
278.2239,1.8060645358
278.2972,1.7895196993
278.3705,1.7760055628
278.4438,1.7658152264
278.517,1.7592808907
278.5976,1.7567264008
278.6379,1.7574314058
278.6782,1.7595548109
278.7185,1.763171316
278.7588,1.768362621
278.7991,1.7752166261
278.8394,1.7838249311
278.8797,1.7942837362
278.92,1.8066972413
278.9603,1.8211773463
279.0006,1.8378393514
279.0409,1.8568111564
279.0812,1.8782246715
279.1215,1.9022253166
279.1618,1.9289628016
279.2205,1.973148622
279.2498,1.9976775476
279.2791,2.0239506231
279.3084,2.0520444687
279.3377,2.0820424243
279.367,2.1140287098
279.3963,2.1480935854
279.4366,2.1985186205
279.4769,2.2533204355
279.5172,2.3127824906
279.5575,2.3772089756
279.5978,2.4469302807
279.6381,2.5222994858
279.6784,2.6037000908
279.7187,2.6915471959
279.759,2.7862899009
279.7993,2.888413606
279.8396,2.998448111
279.8799,3.1169648161
279.9001,3.1797562683
279.9202,3.2445911212
279.9404,3.3121994733
279.9605,3.3820053262
279.9807,3.4547965784
280.0008,3.5299517313
280.021,3.6083235834
280.0411,3.6892437363
280.0613,3.7736305885
280.0814,3.8607682414
280.1016,3.9516489936
280.1217,4.0455030465
280.1419,4.1434012986
280.162,4.2445169515
280.1822,4.3500099037
280.2023,4.4589924566
280.2225,4.5727155087
280.2426,4.6902273616
280.2628,4.8128832138
280.2829,4.9396590667
280.3031,5.0720239189
280.3232,5.2088787717
280.3434,5.3518156239
280.3635,5.4996544768
280.3837,5.654118329
280.4038,5.8139451819
280.424,5.981005034
280.4441,6.1539428869
280.4643,6.3347937391
280.4844,6.522096592
280.5046,6.7180724441
280.5247,6.921152297
280.5449,7.1337561492
280.565,7.3541970021
280.5852,7.5851208543
280.6053,7.8247147072
280.6255,8.0758755593
280.6456,8.3366524122
280.6658,8.6102252644
280.6859,8.8944991173
280.7061,9.1929649694
280.7262,9.5033738223
280.7464,9.8295776745
280.7665,10.1691605274
280.7867,10.5263793796
280.8068,10.8986442325
280.827,11.2906740846
280.8471,11.6996899375
280.8673,12.1309637897
280.8874,12.5815026426
280.9076,13.0572024947
280.9277,13.5548843476
280.9479,14.0811681998
280.968,14.6326720527
280.9882,15.2168939049
281.0083,15.8302487578
281.0285,16.4812846099
281.0486,17.1662354628
281.0688,17.894910315
281.0889,18.6634041679
281.1091,19.48307702
281.1292,20.3499328729
281.1494,21.2772547251
281.1695,22.261060578
281.1897,23.3170304302
281.2098,24.441320283
281.23,25.6526601352
281.2501,26.9475299881
281.2703,28.3484898403
281.2904,29.8526196932
281.3106,31.4874295453
281.3307,33.2508793982
281.3491,34.9984092636
281.3674,36.8769391296
281.3857,38.9110089957
281.404,41.1179288618
281.4224,43.5307887271
281.4407,46.1452185932
281.459,48.9981884592
281.4773,52.1168783253
281.4957,55.5512081906
281.514,59.2977380567
281.5323,63.4117679228
281.5506,67.9347277889
281.5689,72.9123576549
281.5872,78.394907521
281.5964,81.3590374537
281.6055,84.4374273871
281.6147,87.7054473197
281.6238,91.0999972531
281.6339,95.0662671792
281.644,99.2528771053
281.6541,103.671997031
281.6641,108.288896958
281.6742,113.208996884
281.6843,118.40104681
281.6944,123.879256736
281.7044,129.599566663
281.7145,135.691436589
281.7246,142.114826515
281.7347,148.885886441
281.7447,155.948536368
281.7548,163.461086294
281.7649,171.371946221
281.775,179.698926147
281.785,188.370936073
281.7951,197.579786
281.8052,207.259515926
281.8153,217.428665852
281.8253,227.997985778
281.8354,239.197665704
281.8455,250.943375631
281.8556,263.254225557
281.8656,276.018265483
281.8757,289.50913541
281.8858,303.620515336
281.8959,318.370115262
281.9059,333.619595188
281.916,349.690465115
281.9261,366.449865041
281.9462,401.910164894
281.9664,440.464164746
281.9866,482.034764598
282.0068,526.69286445
282.0269,574.238364303
282.0471,625.159164155
282.0672,678.932064008
282.0874,736.03606386
282.1075,795.809763713
282.1387,894.087563485
282.1698,998.038863257
282.2009,1106.97176303
282.232,1219.6197628
282.3126,1517.32776221
282.3529,1661.41626192
282.3932,1796.14926162
282.4134,1858.66546147
282.4335,1916.77166133
282.4536,1970.23546118
282.4737,2018.53866103
282.4947,2062.97676088
282.5157,2100.77676073
282.5367,2131.52226057
282.5576,2154.77976042
282.5788,2170.63046026
282.6,2178.51076011
282.6061,2179.28796006
282.6258,2177.24425992
282.6455,2168.28125978
282.6652,2152.50315963
282.6849,2130.08695949
282.7141,2085.17665927
282.7432,2027.47405906
282.7714,1960.42645885
282.7995,1884.07115865
282.82,1823.1953585
282.8405,1758.63025835
282.8815,1620.90245805
282.9943,1218.05185722
283.0225,1119.45765702
283.0506,1024.36815681
283.0788,932.975256604
283.1069,846.614656399
283.13,779.50695623
283.1531,716.124956061
283.1762,656.597455892
283.1992,601.220755723
283.2223,549.518255554
283.2453,501.891955386
283.2569,479.303055301
283.2684,457.837255217
283.2799,437.278955133
283.2914,417.609525049
283.3055,394.676344945
283.3196,373.008614842
283.3337,352.563874739
283.3478,333.297174636
283.3619,315.162104533
283.376,298.111134429
283.3901,282.096084326
283.4041,267.171494224
283.4182,253.076084121
283.4323,239.871684017
283.4464,227.510673914
283.4605,215.946453811
283.4746,205.133483708
283.4887,195.027433605
283.5028,185.585463501
283.5168,176.826683399
283.5348,166.405023267
283.5527,156.906463136
283.5707,148.151263005
283.5886,140.168372874
283.6066,132.804472742
283.6245,126.082532611
283.6424,119.90541248
283.6603,114.223302349
283.6783,108.962322217
283.6962,104.138852086
283.7141,99.684301955
283.732,95.563981824
283.75,91.7259216923
283.7679,88.1841515612
283.7858,84.8908514302
283.8037,81.8228612992
283.8319,77.3969210929
283.8601,73.4078808865
283.8883,69.7957006801
283.9164,66.5208504744
283.9446,63.517500268
283.9728,60.7618700617
284.001,58.2235898553
284.0291,55.8849996496
284.0573,53.7076724432
284.0855,51.6816662369
284.1137,49.7910820305
284.1418,48.0282968248
284.17,46.3689776184
284.1982,44.809326412
284.2264,43.3403902057
284.2545,41.959058
284.2853,40.5313477746
284.316,39.1904735499
284.3468,37.9206803245
284.3775,36.7240160998
284.439,34.5126266497
284.5004,32.5217742004
284.5619,30.7145707503
284.6234,29.0694333002
284.6849,27.5656108501
284.7463,26.1879154007
284.8027,25.0187409879
284.859,23.9336935759
284.9154,22.9205491631
284.9717,21.9756747511
285.0281,21.0893313383
285.0844,20.2591159263
285.1408,19.4771665135
285.1971,18.7419121014
285.2535,18.0469006887
285.3098,17.3911542766
285.4225,16.1807224518
285.5352,15.089661627
285.6479,14.1009428022
285.7607,13.1998559767
285.8734,12.3764721519
285.9861,11.6203913271
286.0988,10.9236165022
286.2115,10.2794276774
286.3242,9.6821568526
286.4369,9.1270110278
286.5496,8.609921203
286.6316,8.2556146029
286.7136,7.9184670027
286.7956,7.5974604026
286.8775,7.2920568032
286.9902,6.8952179784
287.1029,6.5239271536
287.2156,6.1767393288
287.3283,5.852494504
287.441,5.5502976792
287.5537,5.2694978544
287.6664,5.0096780296
287.7791,4.7706492048
287.8714,4.5903925292
287.9636,4.4244088545
288.0558,4.2727381797
288.148,4.1357345049
288.2403,4.0137468294
288.2864,3.958684492
288.3325,3.9076431546
288.3786,3.8607189172
288.4247,3.8180185798
288.4708,3.7796553424
288.5169,3.745754505
288.5733,3.7105481923
288.6296,3.6825357802
288.6578,3.6712744739
288.686,3.6619126675
288.7142,3.6544929611
288.7423,3.6490731554
288.7705,3.645659349
288.7987,3.6443209427
288.8269,3.6451075363
288.855,3.6480555306
288.8832,3.6532386242
288.9114,3.6607060178
288.9396,3.6705142115
288.9677,3.6826778058
289.0087,3.7048345057
289.0497,3.7324055057
289.0907,3.7656077056
289.1316,3.8045686063
289.1726,3.8497234062
289.2136,3.9012427062
289.2546,3.9594050061
289.2955,4.0243336068
289.334,4.092035225
289.3724,4.166199344
289.4108,4.2472806629
289.4492,4.3355847819
289.4877,4.4316954001
289.5261,4.5354569191
289.5645,4.647471938
289.5837,4.7066954975
289.6029,4.768128057
289.6311,4.8624734506
289.6593,4.9618692442
289.6875,5.0664945379
289.7157,5.1765349315
289.7439,5.2921852251
289.7721,5.4136493187
289.8003,5.5411406123
289.8284,5.6743955067
289.8566,5.8145956003
289.8848,5.9615225939
289.913,6.1154316875
289.9411,6.2760063818
289.9693,6.4446681755
289.9975,6.6211539691
290.0257,6.8057707627
290.0538,6.998142557
290.082,7.1999753507
290.1102,7.4109581443
290.1384,7.6314619379
290.1665,7.8610457322
290.1947,8.1017525258
290.2229,8.3532193195
290.2511,8.6158991131
290.2792,8.8892799074
290.3049,9.1499007193
290.3305,9.419977532
290.3561,9.7009193446
290.3817,9.9931621573
290.4073,10.2971649699
290.4329,10.6134077825
290.4585,10.9423965952
290.4841,11.2846624078
290.5098,11.6421802197
290.5354,12.0127560324
290.561,12.398372845
290.5866,12.7996796577
290.6122,13.2173604703
290.6378,13.652137283
290.6634,14.1047710956
290.689,14.5760629082
290.7172,15.1178327019
290.7454,15.6844684955
290.7736,16.2772462891
290.8018,16.8975170827
290.83,17.5467258763
290.8582,18.2264016699
290.8864,18.9381824635
290.9145,19.6811022579
290.9427,20.4623090515
290.9709,21.2811988451
290.9991,22.1399086387
291.0272,23.0374184331
291.0554,23.9825782267
291.0836,24.9748480203
291.1118,26.0170478139
291.1399,27.1082076083
291.1681,28.2593074019
291.1963,29.4700671955
291.2245,30.7442169891
291.2526,32.0809567835
291.2808,33.4941565771
291.309,34.9839263707
291.3372,36.5553861643
291.3653,38.2080959586
291.3935,39.9598457523
291.4217,41.8115155459
291.4499,43.7702853395
291.478,45.8364451338
291.5062,48.0332749275
291.5344,50.3630347211
291.5626,52.8361045147
291.5907,55.454234309
291.6164,57.9937741209
291.642,60.6718539336
291.6676,63.5094437462
291.6932,66.5190035589
291.7188,69.7142933715
291.7444,73.1105131841
291.77,76.7244329968
291.7956,80.5746728094
291.8213,84.6985226213
291.8469,89.087002434
291.8725,93.7813022466
291.8981,98.8101420593
291.9237,104.205691872
291.9493,110.003951685
291.9749,116.245371497
292.0005,122.97542131
292.0287,131.015981103
292.0569,139.789070897
292.0851,149.383050691
292.1132,159.859190485
292.1414,171.406350279
292.1696,184.118990072
292.1978,198.144529866
292.2119,205.701039763
292.2259,213.59233966
292.24,221.955079557
292.2541,230.760099454
292.2682,240.034499351
292.2823,249.807259247
292.2964,260.108539144
292.3105,270.970519041
292.3246,282.426888938
292.3387,294.513098835
292.3528,307.266468731
292.3669,320.726098628
292.381,334.932688525
292.3951,349.928778422
292.4092,365.758778319
292.4233,382.468768216
292.4374,400.106358112
292.4514,418.58511801
292.4655,438.219767907
292.4796,458.933597803
292.4937,480.7801877
292.5078,503.813887597
292.5219,528.089687494
292.536,553.663787391
292.5501,580.592287287
292.5641,608.725287185
292.5782,638.520787082
292.5923,669.838386979
292.6064,702.732486875
292.6205,737.256786772
292.6346,773.462486669
292.6487,811.399186566
292.6628,851.113186463
292.6768,892.34678636
292.7037,976.750186163
292.7306,1068.14678597
292.7575,1166.69118577
292.7844,1272.44938557
292.8113,1385.38478538
292.8382,1505.34158518
292.8651,1632.03308498
292.892,1765.02738479
292.9202,1910.57918458
292.9484,2061.55698437
293.0047,2374.82268396
293.0611,2695.30978355
293.1174,3008.70548314
293.1485,3173.63368291
293.1796,3329.41648268
293.2107,3473.45468245
293.2418,3603.24678223
293.2616,3677.38428208
293.2814,3744.25018194
293.3012,3803.34498179
293.3209,3853.98998165
293.3407,3896.3162815
293.3605,3929.73328136
293.3803,3953.99788121
293.4,3968.88938107
293.4133,3973.67858097
293.4349,3972.39348081
293.4564,3960.03338065
293.4779,3936.7854805
293.4994,3902.92108034
293.521,3858.58308018
293.5425,3804.64798002
293.564,3741.48737987
293.5855,3669.72427971
293.6153,3557.33457949
293.645,3432.20287927
293.6747,3296.09377906
293.7044,3151.20367884
293.746,2937.69507854
293.7875,2717.71577823
293.829,2496.20677793
293.8705,2277.98647762
293.8959,2147.82537744
293.9213,2021.20857725
293.9467,1898.79417707
293.9721,1781.11807688
293.9975,1668.59917669
294.0229,1561.54717651
294.0483,1460.16877632
294.0736,1364.93987614
294.099,1275.13747595
294.1244,1191.10117577
294.1498,1112.72397558
294.1752,1039.84337539
294.2006,972.255575208
294.226,909.723775022
294.2514,851.987474836
294.2767,798.970874651
294.2975,758.543674499
294.3183,720.797334347
294.3391,685.574414194
294.3598,652.871554043
294.3806,622.221593891
294.4014,593.640753738
294.4222,566.987183586
294.4429,542.240833435
294.4637,519.034453283
294.4845,497.36976313
294.5053,477.132182978
294.526,458.302152827
294.5468,440.597782674
294.5675,424.096812523
294.5883,408.553322371
294.609,394.037532219
294.6344,377.417692033
294.6598,361.996141847
294.6852,347.661691661
294.7106,334.314341476
294.736,321.86398129
294.7614,310.229981104
294.7868,299.339750918
294.8121,289.167170733
294.8375,279.573840547
294.8629,270.548890361
294.8883,262.045290175
294.9136,254.05150999
294.939,246.466469804
294.9644,239.288519618
294.9898,232.486639432
295.0151,226.057729247
295.0428,219.385689044
295.0705,213.068208842
295.0982,207.078588639
295.1259,201.392748436
295.1813,190.846968031
295.2366,181.295587626
295.292,172.578327221
295.3474,164.607976815
295.4028,157.29537641
295.4581,150.576836005
295.5089,144.861075633
295.5597,139.537745261
295.6105,134.56916489
295.6612,129.931124518
295.712,125.576204147
295.7627,121.496093776
295.8135,117.651593404
295.8642,114.037822033
295.915,110.622122661
295.9658,107.395664289
296.0166,104.343718918
296.0673,101.458604546
296.1181,98.7170171746
296.1688,96.1189608036
296.2196,93.6443624318
296.2703,91.2940380607
296.3719,86.9112543172
296.4734,82.9220385743
296.575,79.2703998308
296.6765,75.9228870879
296.7781,72.8382933443
296.8796,69.9931146015
296.9811,67.3587548587
297.0826,64.9131611158
297.1934,62.4364403049
297.3041,60.1419414947
297.4057,58.1781097512
297.5072,56.3387410083
297.6088,54.6089182648
297.7103,52.9821235219
297.8119,51.4464097783
297.9134,49.9970500355
298.0149,48.6255492927
298.1164,47.3256785498
298.218,46.0906358062
298.3195,44.9177150634
298.421,43.8010383206
298.5225,42.7363515777
298.6241,41.7188448341
298.7256,40.7469670913
298.8271,39.8164883485
298.9286,38.9244216056
299.1317,37.2440641192
299.3348,35.6873116328
299.5379,34.2373581464
299.7409,32.8800766607
299.944,31.6010261743
300.0455,30.9876314314
300.147,30.3895566886
300.2486,29.804863945
300.3501,29.2333862022
300.4516,28.6732274593
300.5531,28.1231087165
300.7008,27.3378706355
300.7746,26.9512230954
300.8484,26.5677275553
300.95,26.0440238117
301.0515,25.5245920689
301.1531,25.0071713253
301.2039,24.7490569535
301.2546,24.4916915825
301.3054,24.2339642107
301.3562,23.9763698389
301.407,23.7189124671
301.4577,23.4622860961
301.5085,23.2058507243
301.5592,22.9513493532
301.61,22.6990789814
301.6354,22.5746507955
301.6607,22.4523696104
301.6861,22.3318024245
301.7115,22.2141692386
301.7369,22.1003690527
301.7623,21.9915848668
301.7877,21.8893126809
301.8131,21.795456495
301.8385,21.7124173091
301.8638,21.643428124
301.8892,21.5916839381
301.9019,21.5738008451
301.9146,21.5621257522
301.9273,21.5574016592
301.94,21.5604575663
301.9527,21.5721974733
301.9653,21.5934213811
301.978,21.6255672882
301.9907,21.6697141952
302.0034,21.7271841023
302.0161,21.7994250093
302.0288,21.8880219164
302.0415,21.9946978234
302.0542,22.1213047305
302.0668,22.2686186383
302.0842,22.5115965109
302.0929,22.6519824473
302.1015,22.8042053843
302.1102,22.9726753206
302.1188,23.1543952577
302.1275,23.354566194
302.1361,23.5695331311
302.1448,23.8053450674
302.1534,24.0576560045
302.1621,24.3334419408
302.1707,24.6275198779
302.1794,24.9479628142
302.188,25.2886387513
302.1967,25.6587916876
302.2053,26.0512506246
302.214,26.476556561
302.2226,26.926356498
302.2313,27.4126164344
302.2399,27.9256563714
302.2486,28.4790363077
302.2572,29.0616162448
302.2659,29.6886361811
302.2745,30.3473361182
302.2832,31.0548060545
302.2918,31.7965259916
302.3005,32.5915659279
302.3091,33.423465865
302.3178,34.3134358013
302.3264,35.2428757384
302.3351,36.2353256747
302.3437,37.2698256117
302.3564,38.8988055188
302.3691,40.6539354258
302.3818,42.5412853329
302.3945,44.56688524
302.4072,46.736635147
302.4199,49.0562850541
302.4326,51.5314249611
302.4452,54.1459848689
302.4579,56.946464776
302.4706,59.917434683
302.4833,63.0631845901
302.496,66.3875044971
302.5087,69.8936844042
302.5214,73.5844043112
302.5341,77.4616942183
302.5467,81.4941441261
302.5641,87.3677039987
302.5814,93.5570238721
302.5987,100.090633745
302.616,106.961033619
302.6333,114.157143492
302.6506,121.664203366
302.6679,129.463613239
302.6852,137.532863112
302.7106,149.812612926
302.736,162.517052741
302.7614,175.529362555
302.7867,188.66435237
302.8306,211.429922048
302.8744,233.385441728
302.9044,247.527611508
302.9206,254.74178139
302.9459,265.285341205
302.9598,270.652741103
302.9725,275.26528101
302.9851,279.547880918
302.9979,283.581690824
303.0105,287.224760732
303.0232,290.552950639
303.0359,293.522830546
303.0486,296.122350453
303.0612,298.325370361
303.0818,301.09888021
303.1,302.675600077
303.1069,303.056470026
303.1343,303.384759826
303.1582,302.133309651
303.1752,300.385499526
303.1922,297.943219402
303.2093,294.807989277
303.2263,291.043759152
303.2433,286.665529028
303.2603,281.709458903
303.2943,270.224898655
303.3283,256.942448406
303.3623,242.248298157
303.3963,226.544377908
303.4242,213.185227704
303.452,199.6772375
303.4798,186.170387297
303.5076,172.844167094
303.5417,156.976036844
303.5587,149.33402672
303.5757,141.905816595
303.5927,134.713326471
303.6097,127.775006346
303.6267,121.105986222
303.6437,114.718126098
303.6669,106.469675928
303.6785,102.552415843
303.6901,98.7744057579
303.7017,95.135895673
303.7133,91.6366455881
303.7249,88.2758955032
303.7364,85.0796854191
303.748,81.9908453342
303.7596,79.0357852493
303.7712,76.2121951644
303.7828,73.5174750795
303.7944,70.9487249946
303.806,68.5028349097
303.8176,66.1764648248
303.8291,63.9846947406
303.8377,62.4180146777
303.8462,60.9287646155
303.8547,59.4968745533
303.8632,58.1208144911
303.8717,56.7990244289
303.8802,55.5299743667
303.8887,54.3120743044
303.8972,53.1437742422
303.9057,52.02350418
303.9142,50.9496941178
303.9227,49.9208140556
303.9312,48.9353039934
303.9397,47.9916539312
303.9482,47.088343869
303.9567,46.2239138068
303.9652,45.3968637446
303.9737,44.6058036824
303.9822,43.8492936202
303.9907,43.1259665579
303.9992,42.4344774957
304.0077,41.7735164335
304.0162,41.1417873713
304.0247,40.5380443091
304.0332,39.9610802469
304.0417,39.4097281847
304.0502,38.8828201225
304.0587,38.3792810603
304.0672,37.8980219981
304.0757,37.4380159359
304.0842,36.9982758737
304.0927,36.5778308114
304.1012,36.1757617492
304.1128,35.6551116643
304.1244,35.1648815795
304.136,34.7030424946
304.1476,34.2676714097
304.1592,33.8569663248
304.1708,33.4692372399
304.1824,33.102875155
304.194,32.7564070701
304.2056,32.4284149852
304.2172,32.1176179003
304.2288,31.8227738154
304.2404,31.5427697305
304.252,31.2765446456
304.2636,31.0231115607
304.2752,30.7815634758
304.2868,30.5510563909
304.31,30.1200922211
304.3332,29.7246430513
304.3564,29.3599338815
304.3796,29.0218887117
304.4028,28.7070805419
304.426,28.4125513722
304.4492,28.1358332024
304.4723,27.8758900333
304.5064,27.5169387837
304.5404,27.1843545349
304.5744,26.8733942861
304.6084,26.5811160372
304.6424,26.3051577884
304.6764,26.0436245396
304.7104,25.7949242907
304.7444,25.5577460419
304.7784,25.3309827931
304.8124,25.1136865442
304.8804,24.7043490466
304.9484,24.3243435489
305.0164,23.9695060512
305.0845,23.6359655528
305.1525,23.3219690552
305.2205,23.0247225575
305.2885,22.7423050598
305.3566,22.4727235614
305.4246,22.2153960638
305.4926,21.9687053661
305.5606,21.7316515684
305.6287,21.50298077
305.6967,21.2825851724
305.8327,20.862894277
305.9687,20.4675066817
306.1047,20.0926319864
306.2037,19.8308344618
306.3026,19.577454438
306.4016,19.3310759135
306.5005,19.0913642896
306.5995,18.8571148651
306.6984,18.6281054413
306.7973,18.4034736175
306.8962,18.1826503937
307.0075,17.9379837791
307.1188,17.6966731645
307.2301,17.45801525
307.3414,17.2213151354
307.4527,16.9859218208
307.5084,16.8684245132
307.564,16.7512520063
307.6197,16.6339277986
307.6753,16.5168392917
307.731,16.3995427841
307.7866,16.2824983772
307.8547,16.1393337788
307.8887,16.0680546299
307.9227,15.9970337811
307.9567,15.9264101323
307.9907,15.8564012834
308.0247,15.7873020346
308.0587,15.7195667858
308.0928,15.6536105362
308.1268,15.5907032873
308.1608,15.5318520385
308.1778,15.5044429141
308.1948,15.4787337897
308.2118,15.4550096653
308.2288,15.4336465408
308.2458,15.4150524164
308.2628,15.399706292
308.2798,15.3881661676
308.2968,15.3810770432
308.3138,15.3791809188
308.3308,15.3832927943
308.3509,15.3972616472
308.371,15.4228315001
308.3811,15.4407094262
308.3911,15.462109353
308.4012,15.4877782791
308.4112,15.5175452059
308.4213,15.552370132
308.4313,15.5919350588
308.4414,15.6374659849
308.4514,15.6884769117
308.4615,15.7464798378
308.4715,15.8108007646
308.4816,15.8832586907
308.4916,15.9629866175
308.5017,16.0521635436
308.5117,16.1496424704
308.5218,16.2580343965
308.5318,16.3758933233
308.5419,16.5062902494
308.5519,16.6474221762
308.562,16.8029131023
308.572,16.9705200291
308.5821,17.1544779552
308.5921,17.352045882
308.6022,17.5681288081
308.6122,17.7994507349
308.6223,18.051652661
308.6323,18.3208025878
308.6423,18.6103815146
308.6523,18.9215114414
308.6678,19.449020328
308.6833,20.0354452145
308.6988,20.6853511011
308.7142,21.3985489884
308.7297,22.1890728749
308.7451,23.0515187622
308.7606,24.0019486488
308.776,25.0329285361
308.7915,26.1626284227
308.807,27.3894183092
308.8225,28.7178481958
308.8379,30.1426780831
308.8534,31.6864879696
308.8688,33.3330478569
308.8843,35.1070377435
308.8997,36.9883976308
308.9167,39.2054175064
308.9337,41.5716473819
308.9507,44.0882272575
308.9677,46.7551571331
308.9847,49.5712270087
309.0017,52.5338968843
309.0187,55.6391567599
309.0357,58.8815866354
309.0697,65.7482163866
309.1037,73.0582861378
309.1377,80.7104658889
309.1717,88.5784256401
309.2058,96.5366553905
309.2398,104.370765142
309.2738,111.923814893
309.3078,119.009294644
309.3325,123.757734463
309.3572,128.093484283
309.385,132.400344079
309.3943,133.691894011
309.4106,135.761993892
309.4206,136.905153818
309.4291,137.798223756
309.4376,138.617493694
309.4476,139.484743621
309.4592,140.357283536
309.4714,141.117343447
309.4862,141.818643338
309.5,142.251713237
309.51,142.431173164
309.5334,142.409212993
309.5514,141.972452861
309.5694,141.17611273
309.6005,138.978172502
309.6185,137.25090237
309.6364,135.221372239
309.6561,132.649992095
309.6757,129.766291952
309.7117,123.723421688
309.7476,116.903831425
309.7836,109.480291162
309.8196,101.684950898
309.8785,88.6642404673
309.9079,82.2550802521
309.9373,76.022350037
309.9553,72.3247599052
309.9733,68.7342797735
309.9913,65.2628896417
310.0093,61.92063951
310.0273,58.7157093783
310.0453,55.6544092465
310.0633,52.7413691148
310.0812,49.9944389838
310.0943,48.0797188879
310.1074,46.2459287921
310.1205,44.4927686962
310.1335,42.832078601
310.1466,41.2373585052
310.1597,39.7204684093
310.1728,38.2799183134
310.1858,36.9241382183
310.1989,35.6303881224
310.212,34.4073080265
310.2251,33.2526579307
310.2381,32.1721578355
310.2512,31.1467877396
310.2643,30.1825776438
310.2774,29.2769605479
310.2904,28.4336444527
310.2994,27.8807763869
310.3084,27.352276321
310.3174,26.8473152551
310.3264,26.3650341893
310.3354,25.9046211234
310.3444,25.4652470575
310.3534,25.0460969917
310.3624,24.6463859258
310.3714,24.2653258599
310.3804,23.9021557941
310.3894,23.5561077282
310.3984,23.2264546623
310.4074,22.9124845965
310.4164,22.6134865306
310.4254,22.3287964647
310.4343,22.0606933996
310.4433,21.8025103337
310.4523,21.5567152679
310.4613,21.322720202
310.4703,21.0999401361
310.4793,20.8878260703
310.4883,20.6858390044
310.4973,20.4934599385
310.5062,20.3121888734
310.5152,20.1374848075
310.5242,19.9709737416
310.5332,19.8122176758
310.5422,19.6608066099
310.5512,19.516347544
310.5602,19.3784524782
310.5692,19.2467714123
310.5781,19.1223193472
310.5945,18.9069692271
310.6108,18.7093661079
310.6272,18.5254039878
310.6435,18.3558578685
310.6599,18.1972787485
310.6762,18.0503726292
310.6926,17.9122455092
310.7089,17.7836053899
310.7253,17.6619782699
310.7416,17.5480691506
310.758,17.4397780306
310.7743,17.3377859113
310.7907,17.2403007912
310.807,17.1480146719
310.8397,16.9749914326
310.8724,16.8157601933
310.9051,16.667999954
310.9378,16.5298687147
310.9705,16.3999109753
311.0032,16.276979936
311.0359,16.1601496967
311.0686,16.0486735574
311.1012,15.9422474188
311.1536,15.7798209353
311.2059,15.6269030525
311.2582,15.4818940698
311.3105,15.343757987
311.3825,15.1633407601
311.4544,14.9928728339
311.5263,14.8307009077
311.5982,14.6756859814
311.6702,14.5267043545
311.7421,14.3833737283
311.814,14.2448431021
311.8859,14.1105463759
312.0298,13.8526137227
312.1736,13.6067882703
312.3175,13.3702899171
312.4613,13.1415304647
312.566,12.9788108985
312.7622,12.6806834625
312.9584,12.3890589266
313.1546,12.1016134907
313.3507,11.8165431555
313.5469,11.5318807196
313.743,11.2463553844
313.8411,11.1026925665
313.9392,10.9582418485
314.0373,10.8128272305
314.1353,10.6664399133
314.2792,10.4491170602
314.4231,10.228525407
314.567,10.0041875539
314.7108,9.7758134015
314.8547,9.5426792483
314.9266,9.4243611221
314.9985,9.3047747959
315.0705,9.183727769
315.1424,9.061542943
315.2143,8.9380514171
315.2862,8.8132698916
315.3909,8.6293361277
315.4955,8.4431403682
315.6001,8.2548866165
315.6524,8.1601652456
315.7047,8.0651778797
315.778,7.9318483781
315.8512,7.798874895
315.9245,7.6664764348
315.9977,7.5357770049
316.071,7.4074186101
316.1442,7.2830582564
316.2175,7.1640839464
316.2541,7.1074448087
316.2907,7.0531006823
316.3576,6.9610864801
316.391,6.9194803925
316.4244,6.8813793132
316.4578,6.8473432419
316.4912,6.818023178
316.5246,6.7941781209
316.558,6.7767260701
316.5915,6.7667420249
316.6249,6.7656109849
316.6583,6.7749019494
316.6917,6.7966009179
316.7251,6.8331718898
316.7585,6.8877068647
316.7919,6.9641168421
316.8253,7.0673838217
316.847,7.1518178093
316.8686,7.2518827977
316.8902,7.3704217867
316.9118,7.5103697762
316.9334,7.6751847661
316.955,7.8689427564
316.9766,8.096443747
316.9982,8.363330738
317.0091,8.5150217335
317.0199,8.6778017291
317.0307,8.8540157247
317.0415,9.0447557204
317.0523,9.2512007162
317.0631,9.474621712
317.0739,9.7163907078
317.0847,9.9779897037
317.0955,10.2610126996
317.1063,10.5671756955
317.1171,10.8983246914
317.1279,11.2564416874
317.1387,11.6436536834
317.1495,12.0622446794
317.1603,12.5146566755
317.1711,13.0035036715
317.1775,13.3115146692
317.1839,13.6339106669
317.1903,13.9713256645
317.1967,14.3244216622
317.2031,14.6938856599
317.2095,15.0804296576
317.2159,15.4847886553
317.2222,15.900972653
317.2286,16.3429686507
317.235,16.8051596484
317.2414,17.2883746461
317.2478,17.7935056438
317.2542,18.3214536415
317.2606,18.8731546393
317.267,19.449593637
317.2733,20.0421536347
317.2797,20.6706596324
317.2861,21.3269836302
317.2925,22.0122336279
317.2989,22.7275336256
317.3053,23.4740376233
317.3117,24.2529696211
317.3181,25.0655616188
317.3244,25.8995516166
317.3308,26.7827096143
317.3372,27.703422612
317.3436,28.6630536098
317.35,29.6630246075
317.3564,30.7047636052
317.3628,31.789763603
317.3692,32.9195236007
317.3755,34.0768635985
317.3873,36.3706035943
317.3991,38.8373335902
317.4109,41.487643586
317.4227,44.3324735818
317.4345,47.3831535777
317.4463,50.6512835735
317.4581,54.1488035694
317.4698,57.8551635652
317.4777,60.4981635625
317.4886,64.3386535586
317.4994,68.3745135548
317.5102,72.649783551
317.521,77.1743235472
317.5318,81.9580535434
317.5426,87.0108335396
317.5534,92.3424535358
317.5642,97.962603532
317.5751,103.937043528
317.5859,110.165503524
317.5967,116.710453521
317.6075,123.580623517
317.6183,130.784353513
317.6291,138.329523509
317.6399,146.223543505
317.6507,154.473233502
317.6615,163.084793498
317.6723,172.063723494
317.6831,181.41474349
317.6939,191.141793486
317.7047,201.247733483
317.7155,211.734813479
317.737,233.748813471
317.7587,257.496213464
317.7803,282.634113456
317.802,309.348613448
317.8236,337.324313441
317.8452,366.588013433
317.8668,397.022213426
317.8884,428.484413418
317.91,460.80691341
317.9532,527.243613395
317.9964,594.53491338
318.0259,639.91111337
318.0554,683.990313359
318.077,715.011513352
318.0986,744.641413344
318.1203,772.713813336
318.1419,798.686713329
318.1635,822.425313321
318.1851,843.679813314
318.2067,862.223913306
318.2283,877.858713298
318.2511,891.02111329
318.2738,900.566013282
318.3,907.027813273
318.3038,907.554113272
318.316,908.535713268
318.3282,908.438013263
318.3525,905.042613255
318.3731,898.873213247
318.3937,889.76481324
318.4143,877.825913233
318.4348,863.270413226
318.4553,846.207113219
318.4758,826.818813211
318.4955,806.183913204
318.5151,783.899313198
318.5543,734.890113184
318.5954,678.688213169
318.6364,619.629913155
318.685,548.311713138
318.7335,478.339813121
318.7541,449.561313114
318.7746,421.697013106
318.7952,394.599613099
318.8157,368.636613092
318.8363,343.640313085
318.8568,319.920313077
318.8773,297.40091307
318.8978,276.114013063
318.9184,255.981423056
318.9389,237.200843049
318.9595,219.578373041
318.98,203.263423034
318.9903,195.51669303
319.0006,188.065163027
319.0109,180.903473023
319.0211,174.09144302
319.0314,167.489603016
319.0416,161.219663012
319.0519,155.152323009
319.0621,149.398523005
319.0799,139.943832999
319.0976,131.249062993
319.1154,123.177472986
319.1331,115.78104298
319.1509,108.937182974
319.1686,102.684422968
319.1863,96.9452329615
319.1952,94.2419229584
319.204,91.6831229553
319.2129,89.2062929521
319.2218,86.836792949
319.2395,82.4266329428
319.2573,78.3701229365
319.275,74.6820229303
319.2928,71.291362924
319.3105,68.2089429178
319.3282,65.3894529116
319.3459,62.8092729054
319.3562,61.4092229017
319.3665,60.0787128981
319.3768,58.8138728945
319.387,57.6224428909
319.3973,56.4775928873
319.4076,55.3879528837
319.4281,53.3712858765
319.4487,51.5296008692
319.4692,49.860171862
319.4897,48.3353338548
319.5102,46.9388008476
319.5308,45.6501718403
319.5513,44.4691668331
319.5719,43.3729028259
319.5924,42.3621078187
319.613,41.4181398114
319.6335,40.5425428042
319.654,39.723873797
319.6745,38.9563087898
319.7007,38.0416167806
319.7268,37.1959887714
319.753,36.4051797622
319.7791,35.668659753
319.8053,34.9751987438
319.8314,34.3253317346
319.8576,33.7099867254
319.8837,33.1303757162
319.9099,32.578992707
319.936,32.0574216978
319.9622,31.5593486886
319.9883,31.0865426794
320.0406,30.202381661
320.0928,29.3942696427
320.1339,28.8038576282
320.175,28.2494976138
320.2161,27.7277925993
320.2571,27.2369245849
320.2982,26.7719105705
320.3393,26.331688556
320.3804,25.9142345415
320.4214,25.5186805271
320.4625,25.1414905127
320.5036,24.7822004982
320.5447,24.4395014838
320.5857,24.1130114693
320.6679,23.5004994404
320.75,22.9387204116
320.8397,22.37482538
320.9293,21.8570623485
321.0189,21.379200317
321.1085,20.9365252855
321.1982,20.5245872539
321.2878,20.1408792224
321.3774,19.7819867909
321.467,19.4453715594
321.5492,19.1542412305
321.6314,18.8784842016
321.7136,18.6168000726
321.7957,18.3683032438
321.8779,18.1313373149
321.96,17.905570986
322.0422,17.6896189571
322.1243,17.4832439282
322.2065,17.2852760993
322.2886,17.0955824704
322.4529,16.7378790126
322.6172,16.4062318548
322.7815,16.0973748971
322.8936,15.8982940576
323.0056,15.7079599182
323.1177,15.5253495788
323.2297,15.3501931394
323.3418,15.1816282
323.4538,15.0194629606
323.6778,14.7120382819
323.9019,14.424358203
324.1259,14.1539621243
324.35,13.8984549454
324.574,13.6562493666
324.8728,13.3510055616
325.1715,13.0633455565
325.4703,12.7903361514
325.769,12.5298609464
326.0678,12.2797574413
326.3665,12.0384111362
326.6653,11.8041021311
326.964,11.5755262261
327.2479,11.3622881262
327.5317,11.1518868264
327.8155,10.9431523266
328.0993,10.7349584268
328.3831,10.526164827
328.525,10.4211681771
328.6669,10.3155670272
328.8088,10.2091843773
328.9507,10.1018414274
329.0926,9.9933451774
329.2345,9.8834910275
329.3989,9.7542386697
329.5632,9.6226041119
329.7275,9.4881301542
329.8918,9.3504100964
330.0561,9.2090007386
330.1383,9.1367211097
330.2204,9.0634305808
330.3026,8.9888840519
330.3847,8.913201823
330.4669,8.8361328941
330.549,8.7578017652
330.6536,8.6559374284
330.7582,8.5516425917
330.8628,8.4448027549
330.9673,8.3354310181
331.0196,8.2796850997
331.0719,8.2232639813
331.1242,8.1661696629
331.1764,8.1085212446
331.2287,8.0501138262
331.281,7.9910815078
331.3333,7.9314608894
331.3855,7.871415471
331.4677,7.7759375421
331.5088,7.7278700277
331.5499,7.6796638132
331.591,7.6313945988
331.6321,7.5831545843
331.6732,7.5350575698
331.7142,7.4873595554
331.7553,7.439998541
331.7964,7.3933095265
331.8375,7.3475605121
331.8785,7.3031754976
331.9196,7.2603634832
331.9607,7.2197764687
332.0018,7.1821264543
332.0428,7.1484314399
332.0671,7.1307774313
332.0914,7.1152474228
332.1157,7.1022394142
332.1399,7.0922754057
332.1642,7.0858643972
332.1885,7.0837693886
332.2128,7.0868723801
332.237,7.0961933716
332.2613,7.113118363
332.2856,7.1392243545
332.3099,7.1764683459
332.3341,7.2269973374
332.3584,7.2941183289
332.3827,7.3811683203
332.407,7.4924023118
332.4312,7.6322953033
332.4518,7.778792296
332.4723,7.9542002888
332.4929,8.1653142816
332.5134,8.4159152744
332.5237,8.5591492707
332.534,8.7151922671
332.5443,8.8850492635
332.5545,9.0679172599
332.5648,9.2685122563
332.575,9.4841312527
332.5853,9.7202822491
332.5955,9.9737252455
332.6058,10.2508742419
332.6161,10.5508912382
332.6264,10.8754122346
332.6366,11.222633231
332.6469,11.6011762274
332.6572,12.0096962238
332.6675,12.4502282202
332.6777,12.9201312166
332.688,13.4308472129
332.6983,13.9802962093
332.7086,14.5709452057
332.7188,15.1989992021
332.7291,15.8794511985
332.7393,16.6018231949
332.7496,17.3832081913
332.7598,18.2113841877
332.7739,19.4510431827
332.7879,20.7983751778
332.8019,22.2703611729
332.8159,23.875995168
332.8299,25.624564163
332.8439,27.5256651581
332.8579,29.5891821532
332.8719,31.8252331483
332.8859,34.2441281433
332.8999,36.8563181384
332.9139,39.6723381335
332.9279,42.7027581286
332.9419,45.9580881236
332.9559,49.4487281187
332.9699,53.1848581138
332.9839,57.1763781089
332.9933,60.0044681056
333.0026,62.9227081023
333.012,65.996488099
333.0213,69.1628580957
333.0307,72.4922580924
333.04,75.9160380891
333.0493,79.4708980859
333.0586,83.1586480826
333.0773,90.982328076
333.096,99.3599280695
333.1147,108.297868063
333.1333,117.745858056
333.1539,128.855418049
333.1744,140.573618042
333.1949,152.933148035
333.2154,165.905518027
333.2378,180.73618802
333.2677,201.492008009
333.2975,223.097257999
333.3387,254.047617984
333.3798,285.50500797
333.4208,316.622607955
333.4619,346.619507941
333.4825,360.897707933
333.503,374.441407926
333.5235,387.202207919
333.544,399.064807912
333.5646,409.970307905
333.5852,419.755207897
333.6113,430.398207888
333.6319,437.313807881
333.6523,442.799507874
333.6835,448.453507863
333.7,450.070607857
333.7055,450.396007855
333.7234,450.712907849
333.7413,449.896807843
333.7718,445.928707832
333.8022,438.840207821
333.8325,428.83740781
333.8602,417.326607801
333.8878,403.832907791
333.9182,386.92650778
333.9486,368.22690777
333.9845,344.353207757
334.0204,319.143707744
334.0812,275.135907723
334.1116,253.235607712
334.142,231.810207702
334.1724,211.114857691
334.2028,191.36122768
334.218,181.891497675
334.2332,172.716337669
334.2484,163.849737664
334.2636,155.303047659
334.2768,148.147327654
334.2899,141.29515765
334.303,134.694267645
334.3161,128.34632764
334.3293,122.206327636
334.3424,116.366717631
334.3555,110.778507626
334.3686,105.439197622
334.3818,100.307557617
334.3949,95.4572276126
334.408,90.843647608
334.4211,86.4614576034
334.4343,82.2738675988
334.4474,78.3379475942
334.4605,74.6143875896
334.4736,71.0961175849
334.4888,67.2614675796
334.504,63.6816175743
334.5192,60.3445575689
334.5344,57.2382275636
334.5496,54.3504675582
334.5648,51.6692575529
334.58,49.1826575475
334.5952,46.8790075422
334.6104,44.7468775368
334.6256,42.7751975315
334.6408,40.9532575261
334.656,39.2707575208
334.6712,37.7178275154
334.6864,36.2850565101
334.7016,34.9635135048
334.7167,33.7524214994
334.7264,33.024275496
334.7361,32.3327664926
334.7458,31.6759864892
334.7554,31.0583904858
334.7651,30.4653924824
334.7748,29.901918479
334.7845,29.3663844756
334.7941,28.8623694722
334.8038,28.3779634688
334.8135,27.9171524654
334.8232,27.478624462
334.8328,27.0653334586
334.8425,26.6674904552
334.8521,26.2921994518
334.8714,25.589116445
334.8908,24.9451554382
334.9101,24.3600074314
334.9295,23.8213524246
334.9488,23.3292314178
334.9682,22.873629411
334.9875,22.4549254042
335.0068,22.0668713974
335.0261,21.7061353906
335.0413,21.4393143853
335.0565,21.1863223799
335.0717,20.9460073746
335.0869,20.7173353692
335.1173,20.2912123586
335.1477,19.9015133479
335.1781,19.5429653372
335.2085,19.2112773265
335.2389,18.9029493158
335.2693,18.6150903051
335.2997,18.3453072944
335.3301,18.0916062837
335.3605,17.852331273
335.3909,17.6260542623
335.4213,17.4115832516
335.4517,17.2078702409
335.4821,17.0140082303
335.5124,16.8298082196
335.5456,16.6375002079
335.5788,16.4543761962
335.612,16.2797221846
335.6451,16.1134151729
335.7114,15.8015611496
335.7777,15.5149291263
335.844,15.250345803
335.9103,15.0051663797
335.9766,14.7771550563
336.0429,14.564418433
336.1037,14.3813800116
336.1645,14.2087410903
336.2253,14.0455560689
336.2861,13.8910011475
336.3469,13.7443281261
336.4077,13.6048986047
336.4685,13.4721096834
336.5292,13.345654962
336.59,13.2246597406
336.6508,13.1089149192
336.7116,12.9980373979
336.7723,12.8918534765
336.8939,12.6915062337
337.0154,12.506035791
337.0983,12.3869791618
337.1812,12.2734376327
337.2641,12.1649624035
337.347,12.0611489744
337.4299,11.9616646452
337.5128,11.866166816
337.6785,11.6861054578
337.8443,11.5187366995
338.0101,11.3624815412
338.1759,11.2159673829
338.3416,11.0781514246
338.4743,10.9733295779
338.6069,10.8730495313
338.7395,10.7768528846
338.8721,10.684398638
339.0048,10.5953198913
339.1374,10.5094927447
339.4026,10.3464114514
339.6679,10.1933925581
339.9331,10.0492472648
340.1984,9.9127145716
340.4636,9.7828411783
340.751,9.6485914772
341.0383,9.5203952761
341.3257,9.397513675
341.613,9.279447574
341.9004,9.1656025729
342.1877,9.0556159719
342.475,8.9490659708
342.7623,8.8456213698
343.337,8.6469798677
343.9117,8.4580341656
344.4864,8.2764741634
345.061,8.1013849614
345.5031,7.9705227059
345.9452,7.8425634504
346.8293,7.5941195395
347.7135,7.3537416285
348.5976,7.1197022175
349.5702,6.8678015755
350.5427,6.6201953335
351.5153,6.3754739914
352.4878,6.1325023494
353.4604,5.8901737073
354.4329,5.6475709652
355.4055,5.4037460232
356.378,5.1578973812
357.3064,4.9205302547
358.2348,4.6798591281
359.1632,4.4352171016
359.6274,4.3112010383
360.0915,4.1859840751
360.5557,4.0594359119
361.0199,3.9315083486
361.4841,3.8021442853
361.9482,3.6713093221
362.4124,3.5388955589
362.8766,3.4049075956
363.3408,3.2693732323
363.8049,3.1322942691
364.2912,2.9868442981
364.7775,2.8396625271
365.2638,2.690881556
365.75,2.540698285
366.2363,2.389301714
366.7225,2.237110243
367.2088,2.0845591719
367.695,1.932402301
368.115,1.8019677533
368.535,1.6733062055
368.955,1.5474667578
369.165,1.486019484
369.3749,1.4258496101
369.5849,1.3671373363
369.7949,1.3101781624
370.0049,1.2552679886
370.2149,1.2027394147
370.4249,1.1529886409
370.6349,1.106507967
370.8449,1.0638836931
371.0548,1.0257881193
371.1875,1.0043578726
371.3201,0.985243926
371.4527,0.9686612794
371.5853,0.9548661327
371.718,0.9441339861
371.7843,0.9400195628
371.8506,0.9367916394
371.9169,0.9344941161
371.9832,0.9331731928
372.0495,0.9328778695
372.1158,0.9336596362
372.2153,0.9369736712
372.3148,0.9430331162
372.4143,0.9520508212
372.5137,0.9642431862
372.6132,0.9798844912
372.6629,0.9890685837
372.7126,0.9992137463
372.7624,1.0103809987
372.8121,1.0225648613
372.8618,1.0358272338
372.9115,1.0502122263
372.953,1.0631152917
372.9944,1.0768253972
373.0359,1.0914358426
373.0773,1.106906858
373.1188,1.1233426934
373.1602,1.1406971188
373.2431,1.1784550497
373.326,1.2204600105
373.4089,1.2670151614
373.4504,1.2921305168
373.4918,1.3184459022
373.5332,1.3460643477
373.5746,1.3750322331
373.6354,1.4201250117
373.6962,1.4683945903
373.757,1.520013069
373.8178,1.5751611476
373.8786,1.6340328262
373.9394,1.6968338048
374.0002,1.7637816834
374.0609,1.8349891621
374.1217,1.9109386407
374.1825,1.9917824193
374.2433,2.0778040979
374.3041,2.1693058765
374.3649,2.2666121552
374.4257,2.3700706338
374.4865,2.4800501124
374.5472,2.596753691
374.608,2.7209914697
374.6688,2.8530369483
374.7296,2.9933824269
374.7904,3.1425604055
374.8512,3.3011433841
374.912,3.4697473627
374.9728,3.6490393414
375.0335,3.83941532
375.0943,4.0422812986
375.1551,4.2581762772
375.2159,4.4880142559
375.2767,4.7327892345
375.3375,4.9935832131
375.3983,5.2715691917
375.4591,5.5680321703
375.5198,5.883832149
375.5806,6.2215411276
375.6414,6.5823301062
375.7022,6.9680400848
375.7629,7.3799900635
375.8237,7.8217580421
375.8845,8.2951430207
375.9453,8.8028589993
376.006,9.346978978
376.0668,9.9326229566
376.1276,10.5626349352
376.1884,11.2411479138
376.2492,11.9727778924
376.31,12.7627018711
376.3708,13.6167358497
376.4316,14.5414368283
376.4923,15.5424928069
376.5531,16.6316037856
376.6139,17.8167347642
376.6747,19.1088347428
376.7355,20.5204387214
376.7963,22.0659687
376.8267,22.8940926893
376.8571,23.7621786786
376.8875,24.6727446679
376.9179,25.6285066573
376.9483,26.6324386466
376.9786,27.6841846359
377.009,28.7941486252
377.0394,29.9627436145
377.0698,31.1941066038
377.1002,32.4927495931
377.1306,33.8636395825
377.161,35.3121935718
377.1914,36.8443935611
377.2217,38.4613405504
377.2521,40.1809545397
377.2825,42.006162529
377.3129,43.9458625183
377.3433,46.0100925076
377.3737,48.210042497
377.4041,50.5582224863
377.4345,53.0687024756
377.4648,55.7482124649
377.4925,58.3677524552
377.5201,61.1549324455
377.5478,64.1470624357
377.5754,67.341762426
377.6031,70.7839124163
377.6307,74.4731024066
377.6583,78.4488723969
377.6859,82.7423723871
377.7136,87.4063923774
377.7412,92.4472823677
377.7688,97.926432358
377.7964,103.894922348
377.8241,110.435142339
377.8517,117.565172329
377.8793,125.380872319
377.9069,133.964422309
377.9221,139.052442304
377.9373,144.417932299
377.9525,150.078412293
377.9677,156.052712288
377.9829,162.360692283
377.9981,169.023502277
378.0133,176.062972272
378.0285,183.502612267
378.0437,191.366822261
378.0589,199.681262256
378.0741,208.472802251
378.0893,217.769582245
378.1045,227.60063224
378.1197,237.996552235
378.1349,248.988812229
378.15,260.531452224
378.1652,272.810812219
378.1804,285.787012213
378.1956,299.495712208
378.2108,313.972842203
378.226,329.255462197
378.2412,345.380882192
378.2564,362.386622187
378.2716,380.310652181
378.2868,399.190692176
378.302,419.064322171
378.3172,439.968512165
378.3324,461.93981216
378.3476,485.013362154
378.3628,509.223112149
378.378,534.601592144
378.3932,561.179142138
378.4084,588.983892133
378.4236,618.041292128
378.4388,648.374092122
378.454,680.000892117
378.4844,747.194392106
378.5148,819.691492096
378.5452,897.482892085
378.5756,980.467792074
378.606,1068.44329206
378.6363,1160.78279205
378.6667,1257.66249204
378.6971,1358.22869203
378.7579,1567.55859201
378.8187,1781.85469199
378.8794,1992.16209197
378.9098,2093.09379196
378.9402,2189.38919195
378.9706,2279.76189194
379.001,2362.95609192
379.039,2455.03799191
379.077,2531.9104919
379.115,2591.74869188
379.153,2633.11639187
379.1765,2649.00039186
379.2,2657.29019185
379.2119,2658.56609185
379.2326,2656.09909184
379.2533,2647.70959184
379.274,2633.46989183
379.2946,2613.60689182
379.3153,2588.08769181
379.3359,2557.35479181
379.3772,2480.68049179
379.4114,2403.33389178
379.4456,2315.04919177
379.4798,2217.48999176
379.5139,2112.73689174
379.5483,2001.31459173
379.5826,1886.27839172
379.6512,1651.3160917
379.7198,1420.10229167
379.7541,1309.13749166
379.7884,1202.61939165
379.8196,1110.23669164
379.8508,1022.60419163
379.882,940.031391615
379.9132,862.709991604
379.9444,790.725591593
379.9756,724.069891582
379.9912,692.715191576
380.0068,662.653581571
380.0224,633.863891565
380.038,606.32118156
380.0552,577.365711554
380.0724,549.851681548
380.0896,523.735311542
380.1067,499.110321536
380.1239,475.64068153
380.141,453.549971524
380.1582,432.529251518
380.1753,412.771981512
380.1925,393.995791506
380.2097,376.268041499
380.2269,359.537551493
380.244,343.843231487
380.2612,328.952481481
380.2783,314.990871475
380.2955,301.748511469
380.3126,289.334761463
380.3329,275.511691456
380.3532,262.615511449
380.3735,250.581001442
380.3938,239.346311435
380.4141,228.853381428
380.4344,219.047431421
380.4547,209.877251413
380.4749,201.336101406
380.4952,193.294991399
380.5155,185.756271392
380.5358,178.681711385
380.556,172.067561378
380.5763,165.815861371
380.5966,159.930221363
380.6169,154.382901356
380.6371,149.173331349
380.6715,140.949911337
380.7058,133.477831325
380.7401,126.644891313
380.7744,120.376281301
380.8087,114.607171289
380.843,109.281711277
380.8773,104.351621265
380.9116,99.7751012527
380.946,95.5038812406
380.9803,91.5311212285
381.0146,87.8164212164
381.0489,84.3356212044
381.0832,81.0674711923
381.1175,77.9932411803
381.1518,75.0963211682
381.1861,72.3620011561
381.2205,69.769788144
381.2548,67.322946132
381.3234,62.8010151078
381.3921,58.7101990837
381.4607,55.0028230596
381.5294,51.6186770354
381.598,48.5264300113
381.6666,45.6862759871
381.7352,43.068820963
381.8008,40.7509829399
381.8663,38.5981349169
381.9318,36.5902928939
381.9973,34.7132518708
382.0629,32.9519758478
382.1284,31.3009488247
382.1939,29.7478188017
382.2594,28.2841687787
382.325,26.9005167556
382.3905,25.5944967325
382.456,24.3581517095
382.5215,23.1863456865
382.587,22.0745766634
382.6525,21.0188796404
382.718,20.0157796174
382.7835,19.0622755943
382.8959,17.5344675548
383.0082,16.1365445153
383.0644,15.4830534955
383.1205,14.8606954758
383.1767,14.267058456
383.2328,13.7043034363
383.289,13.1707674165
383.3452,12.6681323968
383.4014,12.197405377
383.4575,11.7607403573
383.5137,11.3584433375
383.5698,10.9943403178
383.626,10.670163298
383.6821,10.3908502783
383.7289,10.1950572618
383.7757,10.0366252454
383.8225,9.9195262289
383.8459,9.8779332207
383.8693,9.8485352124
383.8927,9.8320792042
383.9161,9.829393196
383.9395,9.8413881878
383.9629,9.8690661795
383.9863,9.9135381713
384.0097,9.9760391631
384.0331,10.0579351548
384.0565,10.1607501466
384.0721,10.2417461411
384.0877,10.3333441356
384.1033,10.4361351301
384.1189,10.5507681247
384.1345,10.6779311192
384.1501,10.8183791137
384.1657,10.9729261082
384.1813,11.1424521027
384.1969,11.3279150972
384.2125,11.5303560917
384.2281,11.7509010863
384.2437,11.9907840808
384.2593,12.2513400753
384.2749,12.5340310698
384.2905,12.8404350643
384.3061,13.1723020588
384.3155,13.3853480555
384.3248,13.6063300522
384.3342,13.8404700489
384.3435,14.0832520457
384.3529,14.3404400424
384.3622,14.6070690391
384.3716,14.8894670358
384.3809,15.1822140325
384.3895,15.4652900295
384.3981,15.7607760265
384.4067,16.0692160234
384.4153,16.3911820204
384.4239,16.7272750174
384.4325,17.0781190144
384.4411,17.4443830113
384.4496,17.8222120084
384.4582,18.2212160053
384.4668,18.6378110023
384.4754,19.0728059993
384.484,19.5270299963
384.4926,20.0013679932
384.5012,20.4967399902
384.5098,21.0141189872
384.5183,21.5480909842
384.5269,22.1122779812
384.5355,22.7016479781
384.5441,23.3173649751
384.5527,23.9606579721
384.5613,24.6327839691
384.5699,25.335085966
384.5785,26.068959963
384.587,26.82675496
384.5956,27.627809957
384.6042,28.464999954
384.6128,29.339979951
384.6213,30.243619948
384.6299,31.1989699449
384.6385,32.1975399419
384.6471,33.2412699389
384.6556,34.3192499359
384.6642,35.4589499329
384.6728,36.6501999299
384.6814,37.8952999268
384.6899,39.1811799238
384.6985,40.5405799208
384.7071,41.9612499178
384.7157,43.4459099148
384.7242,44.9788899118
384.7328,46.5991399088
384.7414,48.2919799057
384.75,50.0604999027
384.7585,51.8859698997
384.7671,53.8145898967
384.7757,55.8287898937
384.7843,57.9320698906
384.7928,60.1019898877
384.8014,62.3933198846
384.81,64.7849198816
384.8186,67.2807798786
384.8271,69.8540298756
384.8357,72.5693798726
384.8443,75.4014998695
384.8529,78.3547798665
384.8614,81.3972098635
384.87,84.6049398605
384.8786,87.9476698575
384.8957,95.0144098515
384.9129,102.719699845
384.93,111.014649839
384.9472,120.038609833
384.9644,129.788669827
384.9816,140.309449821
384.9987,151.577899815
385.0159,163.771299809
385.0331,176.872109803
385.0503,190.925709797
385.0674,205.886589791
385.0846,221.973359785
385.1017,239.040839779
385.1189,257.328559773
385.136,276.661259767
385.1532,297.299389761
385.1703,319.033689755
385.1875,342.144589749
385.2046,366.385089743
385.2218,392.054889737
385.2389,418.865689731
385.2561,447.134389725
385.2732,476.528489719
385.2904,507.380289713
385.3075,539.311289707
385.3247,572.666189701
385.3418,607.019389695
385.3762,679.527889683
385.4105,755.91448967
385.4448,835.720589658
385.4791,918.120889646
385.5727,1147.83578961
385.607,1230.2127896
385.6413,1309.50398959
385.6757,1384.51868958
385.71,1453.43198957
385.7443,1515.14768955
385.7785,1568.30578954
385.8013,1598.56578953
385.8241,1624.36438952
385.8469,1645.47158952
385.8697,1661.70448951
385.9,1675.5062895
385.9076,1677.5557895
385.9323,1680.27868949
385.957,1676.98748948
385.9817,1667.75548947
386.0064,1652.72348946
386.0406,1622.73158945
386.0747,1582.89618944
386.1072,1536.54918943
386.1396,1483.15068941
386.1691,1429.1498894
386.1986,1370.87148939
386.2281,1309.16458938
386.2576,1244.88418937
386.3225,1098.49868935
386.3874,951.923389327
386.4199,880.661189315
386.4524,811.786689304
386.4849,745.870089292
386.5173,683.545789281
386.5498,624.75718927
386.566,596.919289264
386.5822,570.081589258
386.5985,544.098989253
386.6147,519.295789247
386.6309,495.509589241
386.6471,472.735919235
386.6634,450.83422923
386.6796,430.060279224
386.6958,410.259909218
386.712,391.413129213
386.7283,373.389629207
386.7445,356.385369201
386.7607,340.259799196
386.7769,324.98423919
386.7932,310.441839184
386.8094,296.779709178
386.8257,283.796989173
386.8419,271.620429167
386.8582,260.066959161
386.8744,249.245509156
386.8906,239.05103915
386.9068,229.451749144
386.9231,220.362129138
386.9393,211.863099133
386.9555,203.867519127
386.9717,196.346519121
386.988,189.229799116
387.0042,182.57796911
387.0204,176.320239104
387.0366,170.431999099
387.0617,161.98450909
387.0868,154.286889081
387.1119,147.263969072
387.137,140.847579063
387.1621,134.975309054
387.1872,129.590989046
387.2123,124.643799037
387.2373,120.105749028
387.2624,115.899789019
387.2875,112.00856901
387.3126,108.399719001
387.3376,105.057388993
387.3627,101.929458984
387.3878,99.007198975
387.4129,96.2706289662
387.4379,93.7119889574
387.4704,90.6097189459
387.5029,87.7335809345
387.5354,85.0582599231
387.5678,82.5694939117
387.6003,80.2333129003
387.6327,78.0481088889
387.6652,75.9864818774
387.6976,74.049082866
387.7301,72.2133708546
387.7626,70.4762208432
387.7951,68.8294348318
387.8275,67.2704418204
387.86,65.7831858089
387.8924,64.3710987975
387.9573,61.7344337747
388.0016,60.0670847591
388.0459,58.4960067435
388.0902,57.012827728
388.1344,55.6132447124
388.1787,54.2843696968
388.2229,53.0263796813
388.2672,51.8283276657
388.3114,50.6909506502
388.3557,49.6048586346
388.3999,48.571136619
388.4884,46.6376655879
388.5769,44.8663775568
388.6654,43.2371625257
388.7304,42.1211515028
388.7953,41.06843848
388.8602,40.0721404571
388.9251,39.1277134343
388.99,38.2311004115
389.0549,37.3786583887
389.1198,36.5670873658
389.1847,35.793435343
389.2497,35.0538823201
389.3146,34.3482832973
389.4444,33.0267392517
389.5742,31.812125206
389.704,30.6914351604
389.7926,29.9747031292
389.8811,29.2943310981
389.9696,28.646760067
390.0581,28.0295510359
390.1467,27.4398370047
390.2352,26.8769349736
390.4122,25.8223149113
390.5893,24.851588849
390.7663,23.9551147868
390.9433,23.1234557245
391.1203,22.3492086623
391.2502,21.8138466166
391.38,21.3042151709
391.5098,20.8179358253
391.6396,20.3532278797
391.7695,19.908152034
391.8993,19.4819450883
392.1589,18.679913697
392.4186,17.9373011057
392.6782,17.2470021144
392.9379,16.602001623
393.1975,15.9973219317
393.3864,15.5798022653
393.5752,15.1796544989
393.7641,14.7950538324
393.9529,14.425200366
394.1418,14.0685427996
394.3306,13.7243639332
394.7082,13.0685136004
395.0859,12.4499213676
395.4636,11.8633566347
395.8413,11.3041238019
396.2189,10.7680732691
396.5965,10.2512037363
396.9586,9.7703947091
397.3206,9.3014342848
397.6827,8.8415187883
398.0447,8.3886632059
398.2258,8.1640576893
398.4068,7.9405218236
398.5878,7.7176673966
398.7688,7.495247993
398.9499,7.2729061007
399.1309,7.0506719124
399.3119,6.8282227253
399.4929,6.6053739385
399.7095,6.3379485938
399.926,6.0696356489
400.1425,5.800178104
400.359,5.5295533591
400.5756,5.2577683144
400.6839,5.121587042
400.7921,4.9854276695
400.9004,4.8491360971
401.0086,4.7130859246
401.1169,4.5771853522
401.2251,4.4418835797
401.3839,4.2446980669
401.5427,4.050099254
401.6221,3.9541873476
401.7015,3.8594804411
401.7809,3.7662285347
401.8602,3.6748366282
401.9396,3.5854167217
402.019,3.4984828153
402.0984,3.4144949089
402.1778,3.3339960024
402.2572,3.257620096
402.3366,3.1861131896
402.416,3.1203522831
402.4953,3.0614453766
402.5747,3.0104694702
402.6541,2.9689645637
402.7335,2.9386726573
402.8129,2.9216779509
402.8923,2.9204881444
402.932,2.9267448912
402.9717,2.938139438
403.0114,2.9551528848
403.0511,2.9783206315
403.0908,3.0082358783
403.1304,3.045451225
403.1701,3.0908869718
403.2098,3.1452742186
403.2495,3.2095277653
403.2892,3.2846724121
403.3289,3.3718625589
403.3686,3.4723960057
403.3885,3.5282663291
403.4083,3.5877513525
403.4282,3.6516665759
403.448,3.7196025992
403.4841,3.8554289418
403.5022,3.9297664631
403.5202,4.0081153843
403.5383,4.0915951056
403.5563,4.1795348269
403.5743,4.2726567481
403.5923,4.3712527693
403.6122,4.4870081927
403.632,4.6096607161
403.6519,4.7409453395
403.6717,4.8800802628
403.6916,5.0290569863
403.7114,5.1870180096
403.7313,5.3562598331
403.7511,5.5358481564
403.771,5.7284420799
403.7908,5.9330309032
403.8107,6.1527079266
403.8305,6.38639495
403.8504,6.6377099734
403.8702,6.9055129968
403.8901,7.1940610202
403.9099,7.5021700435
403.9298,7.834878067
403.9397,8.0096600787
403.9496,8.1909780903
403.9596,8.3810751021
403.9695,8.5764741138
403.9794,8.7793831254
403.9893,8.9901621371
403.9993,9.2114541489
404.0092,9.4392401606
404.0191,9.6761191722
404.029,9.9225471839
404.039,10.1816491957
404.0489,10.4487582073
404.0588,10.726952219
404.0687,11.0168032307
404.0787,11.3220342425
404.0886,11.6371882541
404.0985,11.9659332658
404.1084,12.3089882775
404.1184,12.6708112892
404.1283,13.0449783009
404.1382,13.4358853126
404.1481,13.8444323242
404.1581,14.275986336
404.168,14.7229343477
404.1779,15.1905643594
404.1878,15.680002371
404.1977,16.1924393827
404.2076,16.7291343944
404.2175,17.291412406
404.2274,17.8806744177
404.2374,18.5047904295
404.2473,19.1528424411
404.2573,19.8396094529
404.2672,20.5530904646
404.2772,21.3095624764
404.2871,22.095822488
404.297,22.9212824997
404.3069,23.7880425114
404.3169,24.7077525232
404.3268,25.6643825348
404.3367,26.6693425465
404.3466,27.7251825581
404.3566,28.8461125699
404.3665,30.0125225816
404.3764,31.2382925933
404.3863,32.5264926049
404.3963,33.8943626167
404.4062,35.3178926284
404.4161,36.8139526401
404.426,38.3861626517
404.436,40.0553926635
404.4459,41.7922426752
404.4558,43.6170826868
404.4657,45.5341426985
404.4757,47.5686627103
404.4856,49.6845627219
404.4955,51.9063727336
404.5054,54.2389727453
404.5153,56.6873927569
404.5252,59.2567927686
404.5351,61.9525127803
404.545,64.7800427919
404.555,67.7756928037
404.5649,70.8853728154
404.5748,74.1442628271
404.5847,77.5584328387
404.5947,81.1710428505
404.6046,84.9161928622
404.6145,88.8356628738
404.6244,92.9359728855
404.6344,97.2680928973
404.6443,101.752162909
404.6542,106.437382921
404.6641,111.330622932
404.6741,116.491592944
404.684,121.824082956
404.6939,127.385642967
404.7038,133.183292979
404.7138,139.286332991
404.7237,145.579743002
404.7435,158.944823026
404.7634,173.468713049
404.7832,189.058603073
404.8031,205.922793096
404.8229,223.939023119
404.8428,243.332503143
404.8626,263.945973166
404.8825,286.01939319
404.9023,309.355543213
404.9222,334.206553236
404.942,360.32979326
404.9619,387.986493283
404.9817,416.884893307
405.0015,447.13509333
405.0213,478.698893353
405.0394,508.658993375
405.0574,539.451493396
405.0935,603.963793438
405.1296,671.648993481
405.1657,741.761393523
405.245,899.681993617
405.2847,977.877993664
405.3244,1053.30439371
405.3641,1124.22449376
405.4038,1188.9078938
405.4435,1245.70339385
405.4633,1270.60719387
405.4831,1293.0057939
405.5028,1312.65529392
405.5224,1329.46509394
405.542,1343.43059397
405.5616,1354.46029399
405.5808,1362.35089401
405.6,1367.30979404
405.6065,1368.31879404
405.6273,1369.26619407
405.6481,1366.74329409
405.6689,1360.77949412
405.6897,1351.43649414
405.7179,1333.53119417
405.746,1309.96099421
405.7725,1282.82249424
405.799,1251.28759427
405.8256,1215.6248943
405.8521,1176.55169433
405.8787,1134.25299436
405.9052,1089.54289439
405.9582,994.442294457
406.0112,895.07139452
406.0691,785.989694588
406.0981,732.440094622
406.127,680.401794656
406.1536,634.002494688
406.1801,589.459894719
406.2066,546.79819475
406.2331,506.175894781
406.2597,467.568994813
406.2862,431.345504844
406.3127,397.397864875
406.3392,365.734894906
406.3658,336.229724938
406.3791,322.319234953
406.3923,309.058744969
406.4056,296.238164984
406.4189,283.949975
406.4322,272.182955016
406.4454,261.007975031
406.4587,250.243005047
406.472,239.961405063
406.4853,230.149125078
406.4985,220.860505094
406.5118,211.94030511
406.525,203.508035125
406.5383,195.420725141
406.5515,187.785165156
406.5733,175.988035182
406.595,165.193435208
406.6167,155.280305233
406.6384,146.185495259
406.6601,137.847705284
406.6818,130.20834531
406.7035,123.211335336
406.7252,116.803495361
406.7469,110.934805387
406.7686,105.558365412
406.7903,100.630425438
406.812,96.1103754634
406.8337,91.960725489
406.8554,88.1469555145
406.8771,84.6374155401
406.8988,81.4031955657
406.9254,77.775835597
406.9519,74.4910556283
406.9784,71.4964486595
407.0049,68.7583696907
407.0315,66.2382217221
407.058,63.9289417533
407.0845,61.7979697845
407.111,59.8255078157
407.1376,57.9875788471
407.1641,56.2828978783
407.1906,54.6911219095
407.2171,53.2007899408
407.2437,51.7967499721
407.2702,50.4807700033
407.2967,49.2397300346
407.3232,48.0668830658
407.357,46.6605971056
407.3908,45.3449521455
407.4246,44.1107991853
407.4583,42.953556225
407.4921,41.8595432648
407.5258,40.8292823045
407.5596,39.8514493444
407.5933,38.9272723841
407.6271,38.0471844239
407.6609,37.2103654637
407.7284,35.6561295433
407.7959,34.2397826228
407.8634,32.9432317024
407.9165,31.9976167649
407.9696,31.1106258275
408.0227,30.2768628901
408.0757,29.4929849525
408.1288,28.7518620151
408.1818,28.0525500776
408.2349,27.3891211401
408.2879,26.7611242026
408.341,26.1635172652
408.3941,25.5951473277
408.4472,25.0538533903
408.5002,24.5386334528
408.6063,23.5755755778
408.7124,22.6937067028
408.7751,22.2064977767
408.8378,21.7422048506
408.9005,21.2991759245
408.9632,20.8759039984
409.0886,20.0832911461
409.214,19.3548242939
409.3394,18.6824644417
409.4648,18.0594375895
409.5902,17.4799697372
409.7156,16.939162885
409.8218,16.5082430102
409.9279,16.1001828352
410.034,15.7126212602
410.1401,15.3438324852
410.2463,14.9919557104
410.3524,14.6562636354
410.4585,14.3351912604
410.5646,14.0275999855
410.7769,13.4486722357
410.9891,12.9129722857
411.2013,12.4143918358
411.4135,11.9480812858
411.5582,11.6465050563
411.7029,11.3569420269
411.8476,11.0784030974
411.9923,10.8099819679
412.2817,10.3001881089
412.5711,9.82160405
412.8605,9.369453891
413.1499,8.940047232
413.4393,8.530316173
413.7287,8.1375904141
413.941,7.8589598643
414.1532,7.5875745143
414.3654,7.3226002644
414.5776,7.0634139144
414.7899,6.8093444646
415.0021,6.5601450147
415.2143,6.3152651647
415.4265,6.0743321148
415.6388,5.836916365
415.851,5.602975515
416.0632,5.3721830651
416.2754,5.1443787151
416.4877,4.9193541653
416.6999,4.6972762153
416.9121,4.4780572654
417.1243,4.2617824154
417.3752,4.0100885111
417.626,3.7632805067
417.8768,3.5219662022
418.1276,3.2871572977
418.3785,3.0600838934
418.6293,2.842626889
418.8801,2.6368986845
419.1309,2.4457749801
419.2756,2.3435541506
419.4203,2.2482783211
419.565,2.1609621916
419.7097,2.0827924621
419.7821,2.0475403474
419.8544,2.0151590326
419.9268,1.9857703179
419.9991,1.9596816031
420.0715,1.9370655885
420.1438,1.9182488737
420.2162,1.903465759
420.2885,1.8930665442
420.3561,1.8875828238
420.4236,1.8864989034
420.4911,1.8901214829
420.5586,1.8987954625
420.6261,1.912894042
420.6936,1.9328203215
420.7611,1.9590111011
420.8286,1.9919416806
420.8865,2.0259478489
420.9444,2.0656406471
421.0023,2.1113951553
421.0602,2.1636174535
421.1133,2.2175656161
421.1663,2.2775594786
421.2194,2.3442085411
421.2724,2.4176745036
421.3255,2.4986756662
421.3785,2.5873805286
421.4051,2.63501626
421.4316,2.6846326912
421.4581,2.7364741224
421.4846,2.7906116537
421.5112,2.847338785
421.5377,2.9063056162
421.5643,2.9680396476
421.5908,3.0321593788
421.6174,3.0992362101
421.6439,3.1688554414
421.6704,3.2413579726
421.6969,3.3168407038
421.7235,3.3957067352
421.75,3.4774684664
421.7765,3.5625245976
421.803,3.6509897289
421.8296,3.7433351602
421.8561,3.8389893914
421.8826,3.9384200227
421.9091,4.0417603539
421.9357,4.1495622852
421.9622,4.2611583165
421.9888,4.3775443478
422.0153,4.497998379
422.0419,4.6235984104
422.0684,4.7535674416
422.0949,4.8885474728
422.1214,5.0287235041
422.148,5.1748495354
422.1745,5.3260275666
422.201,5.4830075979
422.2275,5.6460106291
422.2541,5.8159176604
422.2806,5.9916916917
422.3071,6.1742127229
422.3336,6.3637417541
422.3602,6.5613127855
422.3867,6.7657298167
422.4132,6.9780248479
422.4397,7.1985108792
422.4663,7.4284059105
422.4928,7.6663279417
422.5193,7.913489973
422.5458,8.1702770042
422.5724,8.4381180355
422.5989,8.7154230668
422.6254,9.003626098
422.6519,9.3031941292
422.6785,9.6158161606
422.705,9.9396641918
422.7315,10.276435223
422.758,10.6267042542
422.7846,10.9924812856
422.8111,11.3716553168
422.8377,11.7677703482
422.8642,12.1785643794
422.8908,12.6078954107
422.9173,13.053336442
422.9438,13.5173114732
422.9703,14.0007125044
422.9969,14.5064285358
423.0234,15.031660567
423.0499,15.5793345982
423.0764,16.1505826294
423.103,16.7489006608
423.1295,17.371066692
423.156,18.0206547232
423.1825,18.6990877545
423.2091,19.4106687858
423.2356,20.151680817
423.2621,20.9264998483
423.2886,21.7370118795
423.3152,22.5884959108
423.3417,23.4767089421
423.3682,24.4070959733
423.3947,25.3821240045
423.4213,26.4084370359
423.4478,27.4811580671
423.4743,28.6071610983
423.5008,29.7897771296
423.5274,31.0374291609
423.5539,32.3446241921
423.5804,33.7201652234
423.6069,35.1686252546
423.6335,36.7009052859
423.66,38.3108953172
423.6866,40.0167253485
423.7131,41.8119953797
423.7397,43.7174054111
423.7662,45.7263554423
423.7927,47.8542754735
423.8192,50.1104955048
423.8458,52.5145755361
423.8723,55.0597755673
423.8988,57.7673355986
423.9253,60.6510756298
423.9519,63.7382256611
423.9784,67.0225856924
424.0049,70.5341257236
424.0314,74.2937257548
424.058,78.3402657862
424.0845,82.6691558174
424.1111,87.3418758487
424.1376,92.35517588
424.1642,97.7825059113
424.1907,103.622385943
424.2172,109.937925974
424.2437,116.777296005
424.2703,124.222926036
424.2968,132.277796068
424.3233,141.033606099
424.3498,150.56140613
424.3764,160.980166161
424.4029,172.296746193
424.4294,184.641366224
424.4559,198.114116255
424.4825,212.881236286
424.509,228.948126318
424.5355,246.491506349
424.562,265.64281638
424.5886,286.622656411
424.6151,309.418346443
424.6416,334.255436474
424.6681,361.287896505
424.6947,390.788076537
424.7212,422.692016568
424.7477,457.261896599
424.7742,494.64961663
424.8008,535.158316662
424.8273,578.618566693
424.8538,625.298276724
424.8803,675.301516755
424.9069,728.918616787
424.9334,785.804016818
424.96,846.414516849
424.9865,910.28821688
425.0131,977.862516912
425.0396,1048.54321694
425.0661,1122.44671697
425.0926,1199.39421701
425.1192,1279.46291704
425.1457,1361.76771707
425.1987,1532.58481713
425.3047,1886.48921726
425.3578,2061.11311732
425.4109,2227.18971738
425.4531,2349.50301743
425.4952,2460.10461748
425.5374,2557.01171753
425.5795,2637.51451758
425.6097,2684.23501761
425.6398,2720.98301765
425.6699,2747.49201769
425.7,2763.46201772
425.7151,2767.44871774
425.7396,2768.16951777
425.7641,2761.8070178
425.7886,2748.45041783
425.813,2728.34291785
425.8375,2701.53001788
425.862,2668.34381791
425.8865,2629.10121794
425.9109,2584.35781797
425.951,2499.62291802
425.9911,2402.67961806
426.0312,2295.65811811
426.0713,2180.78161816
426.1509,1938.23591825
426.2305,1690.01791835
426.2703,1568.26961839
426.3101,1450.05841844
426.3499,1336.54921849
426.3897,1228.65841853
426.4277,1131.50931858
426.4657,1040.48541862
426.5037,955.803018668
426.5227,915.865418691
426.5416,877.724008713
426.5606,840.963498735
426.5796,805.770968758
426.5986,772.12164878
426.6176,739.985568802
426.6366,709.328218825
426.6556,680.111048847
426.6746,652.29244887
426.6935,625.963718892
426.7134,599.639718915
426.7333,574.695148939
426.7532,551.073228962
426.7731,528.716858986
426.793,507.568299009
426.8129,487.570149033
426.8328,468.665389056
426.8527,450.79833908
426.8726,433.913949103
426.8925,417.958989126
426.9124,402.88180915
426.9323,388.632399173
426.9522,375.162869197
426.9721,362.42710922
426.992,350.381209244
427.0119,338.983449267
427.0391,324.381009299
427.0662,310.868279331
427.0934,298.257979363
427.1205,286.562249395
427.1477,275.620689427
427.1748,265.446189459
427.2019,255.935509491
427.229,247.032859523
427.2562,238.657119555
427.2833,230.823609587
427.3104,223.458469619
427.3375,216.523659651
427.3647,209.961189683
427.3918,203.787839715
427.4189,197.950559747
427.446,192.423619779
427.4858,184.820949826
427.5256,177.772229872
427.5654,171.220579919
427.6052,165.116249966
427.645,159.415850013
427.6848,154.08147006
427.7246,149.079470107
427.7644,144.380570154
427.8042,139.958530201
427.844,135.790141248
427.8838,131.854721294
427.9236,128.133732341
427.9634,124.610675388
428.0032,121.270545435
428.043,118.099909482
428.0827,115.093990529
428.1623,109.495366623
428.2419,104.405802717
428.3215,99.7611248103
428.401,95.512448904
428.4806,91.6034189978
428.5602,88.0006450916
428.6398,84.6706761854
428.7193,81.5884102791
428.7917,78.9720413644
428.864,76.5235654496
428.9364,74.2216295349
429.0087,72.0596576201
429.0811,70.0201407054
429.1534,68.0984427906
429.2258,66.2800278759
429.2981,64.5616739611
429.3705,62.9311890465
429.4428,61.3863861317
429.5152,59.916937217
429.5875,58.5213913022
429.6599,57.1909083875
429.7322,55.9245934727
429.8769,53.5610186432
429.9565,52.349428737
430.0361,51.1952078308
430.1953,49.0436340184
430.3545,47.078982206
430.5136,45.2793663935
430.6728,43.6230795811
430.8319,42.0956747686
430.9911,40.6810999562
431.1502,39.3689931436
431.2732,38.4175242886
431.3962,37.5161714335
431.5192,36.6610745785
431.6422,35.8486637234
431.7652,35.0757108684
431.8882,34.3392320133
432.0112,33.6365411583
432.1341,32.9657443031
432.3801,31.708682593
432.6261,30.5537413829
432.8721,29.4884143727
433.118,28.5023345625
433.2772,27.9015383501
433.4364,27.3276102377
433.5956,26.7785155253
433.7547,26.2527200128
433.9139,25.7478706004
434.0731,25.262712988
434.2323,24.7958100756
434.3914,24.3460973631
434.7098,23.4919393383
435.0281,22.6917576134
435.3465,21.9370568886
435.5057,21.5745698762
435.6648,21.2210624637
435.8963,20.7206328365
436.1278,20.2344963093
436.3593,19.7601891821
436.5908,19.2952366549
436.779,18.9223757767
436.9671,18.5527421983
437.1552,18.18460712
437.3433,17.8162843417
437.4374,17.6313787525
437.5314,17.4459190633
437.6255,17.2592386742
437.7195,17.071446585
437.8136,16.8818390959
437.9076,16.6905176066
438.0017,16.4967135175
438.0957,16.3004675283
438.1898,16.1009892392
438.2838,15.8982917499
438.3779,15.6915144608
438.4719,15.4806596716
438.519,15.3732562271
438.566,15.2648651825
438.613,15.1552134379
438.66,15.0442736932
438.7071,14.9317820488
438.7541,14.8182336041
438.8011,14.7034410595
438.8481,14.5874972149
438.8843,14.4975242576
438.9205,14.4071323002
438.9567,14.3165063429
438.9928,14.2261903854
439.029,14.1360704281
439.0652,14.0469764707
439.1014,13.9596805134
439.1375,13.8754665559
439.1737,13.7953145986
439.2099,13.7213896412
439.228,13.6875556626
439.2461,13.6563036839
439.2642,13.6280967052
439.2822,13.6035847264
439.3003,13.5831007478
439.3184,13.5674627691
439.3365,13.5574387904
439.3546,13.5539198118
439.3727,13.5579108331
439.3908,13.5705308544
439.4089,13.5930418757
439.4269,13.626659897
439.4468,13.6787619204
439.4667,13.7488779439
439.4866,13.8396949673
439.5065,13.9542289908
439.5264,14.0958610142
439.5463,14.2683650377
439.5563,14.3680090494
439.5662,14.4759240611
439.5762,14.5949100729
439.5861,14.7231800846
439.5961,14.8639990963
439.606,15.015226108
439.616,15.1806461198
439.6259,15.3576781315
439.6359,15.5506901432
439.6458,15.7566521549
439.6558,15.9805571667
439.6657,16.2188211784
439.6757,16.4771901901
439.6856,16.7514292018
439.6956,17.0480892136
439.7055,17.3622602253
439.7155,17.701369237
439.7254,18.0597102487
439.7354,18.4456802605
439.7453,18.8527252722
439.7548,19.2677492834
439.7643,19.7078042945
439.7738,20.1739753057
439.7833,20.6674203169
439.7928,21.1892923281
439.8023,21.7407643393
439.8118,22.3230743505
439.8213,22.9374343617
439.8403,24.2673743841
439.8593,25.7408244065
439.8783,27.3683244289
439.8972,29.1506644512
439.9162,31.1174544736
439.9352,33.2705044959
439.9542,35.6205245183
439.9732,38.1779845407
439.9922,40.9530645631
440.0112,43.9554245855
440.0302,47.1941146079
440.0491,50.6584546302
440.069,54.5756746536
440.0889,58.7764846771
440.1088,63.2665247005
440.1287,68.049754724
440.1486,73.1281647474
440.1685,78.5016147709
440.1884,84.1676547943
440.2083,90.1213248178
440.2282,96.3550048412
440.2481,102.858264865
440.268,109.617764888
440.2879,116.617214912
440.3078,123.837244935
440.3277,131.255454958
440.3674,146.542615005
440.4163,165.960075063
440.4651,185.48806512
440.5049,201.110805167
440.5229,207.985105189
440.5628,222.585785235
440.6008,235.40820528
440.6207,241.598755304
440.6405,247.347595327
440.6605,252.700095351
440.6804,257.536865374
440.7002,261.832945397
440.7201,265.602725421
440.74,268.797835444
440.7607,271.488635469
440.7895,274.125235503
440.8,274.759935515
440.8053,275.013335521
440.8224,275.524035541
440.8394,275.566335561
440.8614,274.935135587
440.8847,273.432835615
440.906,271.32543564
440.9273,268.538535665
440.9486,265.09883569
440.9698,261.058635715
440.995,255.505835745
441.0202,249.202435775
441.0628,237.051325825
441.1053,223.396105875
441.148,208.550795925
441.1906,193.034315975
441.2641,165.764946062
441.3008,152.388056105
441.3375,139.429666148
441.3588,132.163636173
441.3801,125.117166199
441.4014,118.311986224
441.4227,111.766156249
441.444,105.494176274
441.4653,99.507036299
441.4866,93.8124763241
441.5079,88.4151463492
441.5225,84.8882963664
441.537,81.5245763835
441.5515,78.2986664006
441.566,75.2094364177
441.5805,72.2552864348
441.595,69.4342164519
441.6095,66.7438664689
441.624,64.181526486
441.6386,61.7278365032
441.6531,59.4131265203
441.6676,57.2167265374
441.6821,55.1349865545
441.6966,53.1640965716
441.7111,51.3001565887
441.7256,49.5391666058
441.7401,47.8770666228
441.7508,46.7115566354
441.7614,45.6062166479
441.7721,44.5385266606
441.7827,43.526866673
441.7934,42.5505066857
441.804,41.6261066981
441.8147,40.7346357108
441.8253,39.8912237232
441.836,39.0783917359
441.8466,38.3098347483
441.8573,37.569557761
441.8679,36.8699627734
441.8786,36.196419786
441.8892,35.5601437985
441.8998,34.953360811
441.9104,34.3747648235
441.9211,33.8180168361
441.9317,33.2923128486
441.9424,32.7865158612
441.953,32.3089258737
441.9637,31.8494058863
441.9743,31.4154648988
441.9849,31.0016989113
441.9955,30.6070939238
442.0062,30.2272559364
442.0168,29.8683459489
442.0275,29.5227099615
442.0381,29.195960974
442.0488,28.8811149866
442.0594,28.5832819991
442.07,28.2987310116
442.0806,28.0267470241
442.0942,27.6951410401
442.1077,27.384048056
442.1213,27.087624072
442.1348,26.809064088
442.1484,26.543169104
442.1619,26.2928251199
442.1755,26.0533891359
442.189,25.8274941518
442.2026,25.6109801679
442.2161,25.4062581838
442.2297,25.2095931998
442.2432,25.0232242157
442.2568,24.8437632317
442.2703,24.6732932476
442.2974,24.3521012796
442.3245,24.0559133115
442.3516,23.7815243434
442.3787,23.5261913754
442.4058,23.2876024073
442.4329,23.0637574392
442.46,22.8529844712
442.4871,22.6538225031
442.5141,22.4657355349
442.5567,22.1874795851
442.5993,21.9289606353
442.6419,21.6874956855
442.6844,21.4614601356
442.727,21.2480295858
442.7696,21.046332236
442.8122,20.8551481862
442.8547,20.6738975363
442.8973,20.5008609865
442.9399,20.3357299367
442.9825,20.1778353869
443.025,20.026980337
443.0676,19.8819301872
443.1102,19.7426107374
443.1953,19.4798352377
443.2573,19.3001463107
443.3192,19.1296139836
443.3811,18.9671535566
443.443,18.8120537295
443.505,18.6635000026
443.5669,18.5213980755
443.6288,18.3850206485
443.6907,18.2539571214
443.8146,18.0060016674
443.9384,17.7752508133
444.0623,17.5591467593
444.1861,17.3562397052
444.2868,17.1997337239
444.3874,17.0503017424
444.488,16.907161261
444.5886,16.7697926795
444.6893,16.6375914982
444.7899,16.5104155168
444.9911,16.2692692539
445.1924,16.0435790911
445.3936,15.8314543282
445.5949,15.6309336654
445.7961,15.4408134024
445.9819,15.2733705214
446.1677,15.1129451403
446.3535,14.9589099593
446.5392,14.8107562781
446.725,14.6678267971
446.9108,14.529765416
447.2823,14.2668018538
447.6539,14.0191131917
448.0254,13.7848758295
448.397,13.5622662674
448.7685,13.3496789051
449.1091,13.1624695065
449.4497,12.9819476079
449.7903,12.8075403092
450.1309,12.6386906106
450.8121,12.3157001134
451.4933,12.0096072161
452.1745,11.7177140188
452.8557,11.4378122215
453.5369,11.1680285243
454.218,10.9068059269
454.9612,10.6298321026
455.7043,10.3597294783
456.4474,10.094968254
457.1905,9.8341662297
457.8717,9.5974211324
458.5529,9.3618609351
459.2341,9.1264583379
459.9152,8.8901827405
460.5964,8.6518401432
461.2776,8.4102422459
461.6182,8.2878076473
461.9588,8.1640394487
462.2994,8.03874165
462.6399,7.9117402513
463.0425,7.7590366257
463.445,7.6032825
463.8475,7.4439755743
464.25,7.2804879486
464.6526,7.1121901231
465.0551,6.9385599974
465.2564,6.8494852346
465.4576,6.7588279717
465.6589,6.6663897089
465.8601,6.572143546
466.1233,6.4458461561
466.3865,6.3158522663
466.6497,6.1818286764
466.9129,6.0434126866
467.1761,5.9002071967
467.3077,5.8266664518
467.4393,5.7517497069
467.5709,5.675388662
467.7025,5.5975163171
467.8341,5.5180626722
467.9656,5.4370195271
468.1359,5.3295002278
468.3062,5.2189506285
468.4765,5.1052215292
468.6468,4.9881730299
468.732,4.9283315303
468.8171,4.8676881305
468.9023,4.8060938309
468.9874,4.7436868312
469.0726,4.6803223316
469.1577,4.6161558319
469.2428,4.5511274322
469.3279,4.4852652324
469.4363,4.4002246602
469.5447,4.3140194879
469.6531,4.2268374157
469.7614,4.1390320433
469.8156,4.0949417071
469.8698,4.050835971
469.924,4.0067902349
469.9782,3.9628953988
470.0324,3.9192602626
470.0866,3.8760177265
470.1408,3.8333217904
470.1949,3.7914398541
470.2375,3.7591253043
470.2801,3.7275404545
470.3227,3.6968445047
470.3652,3.6672933548
470.4078,3.638965405
470.4504,3.6121924552
470.493,3.5873015054
470.5355,3.5647385555
470.5781,3.5448936057
470.6207,3.5284456559
470.6633,3.5161887061
470.7058,3.5091607562
470.7484,3.5086658064
470.791,3.5164918566
470.8336,3.5349769068
470.8761,3.5671399569
470.9013,3.5943169865
470.9265,3.6288110162
470.9517,3.6718970459
470.9768,3.7248490755
471.002,3.7898661052
471.0271,3.8685151348
471.0523,3.9638911645
471.0774,4.0781191941
471.1026,4.2155022238
471.1277,4.3788882533
471.1529,4.574187283
471.1655,4.6852242979
471.178,4.8051623126
471.1906,4.9367133275
471.2032,5.0798183423
471.2158,5.2353963572
471.2283,5.4030323719
471.2409,5.5864553867
471.2535,5.7854994016
471.2661,6.0013624164
471.2786,6.2333884312
471.2883,6.4265534426
471.298,6.631890454
471.3077,6.8500834655
471.3173,7.0793864768
471.327,7.3253174882
471.3367,7.5863384996
471.3464,7.8632655111
471.356,8.1538325224
471.3657,8.4649675338
471.3754,8.7946545452
471.3851,9.1438505567
471.3947,9.509632568
471.4044,9.9006445794
471.4141,10.3142545908
471.4238,10.7515726023
471.4334,11.2088526136
471.4431,11.696800625
471.4528,12.2120086364
471.4625,12.7557456479
471.4721,13.3232456592
471.4818,13.9276656706
471.4915,14.564634682
471.5012,15.2355706935
471.5108,15.9344667048
471.5205,16.6773657162
471.5302,17.4587017276
471.5399,18.2800507391
471.5495,19.1338797504
471.5592,20.0395947618
471.5689,20.9901927733
471.5786,21.9873477847
471.5882,23.021751796
471.5989,24.2324688086
471.6095,25.4941898211
471.6202,26.8330668337
471.6308,28.2264718462
471.6415,29.7030718588
471.6521,31.2376918713
471.6628,32.8616918839
471.6734,34.5471318964
471.6841,36.328221909
471.6947,38.1740419215
471.7054,40.1218219341
471.716,42.1374819466
471.7267,44.2613519592
471.7373,46.4559919717
471.7479,48.7430019842
471.7585,51.1244819967
471.7701,53.8413020103
471.7817,56.676252024
471.7933,59.6317820377
471.8049,62.7101420514
471.8224,67.591262072
471.8398,72.7327820925
471.8572,78.167062113
471.8746,83.8982121335
471.8921,89.9645921541
471.9095,96.2982721746
471.9269,102.932892195
471.9443,109.866642216
471.9656,118.756292241
471.9869,128.078212266
472.0082,137.817502291
472.0295,147.954572316
472.0508,158.465002341
472.0721,169.319432366
472.1146,191.863712416
472.1572,215.360472466
472.1998,239.349772517
472.2424,263.357772567
472.2849,286.804572617
472.3178,304.256072656
472.3507,320.808772695
472.3933,340.480472745
472.4146,349.41617277
472.4359,357.666072795
472.4572,365.17077282
472.4784,371.846172845
472.4997,377.70597287
472.521,382.673772895
472.541,386.493572919
472.561,389.469772942
472.5805,391.541572965
472.6,392.781572988
472.6017,392.84997299
472.6033,392.908572992
472.6086,393.062372998
472.6139,393.154073005
472.6244,393.152473017
472.6455,392.415073042
472.6813,388.945373084
472.717,382.787373126
472.7527,374.081873168
472.7868,363.570373208
472.8209,351.128073249
472.8566,336.297473291
472.8923,319.921973333
472.9345,299.013573382
472.9767,276.939273432
473.0481,238.414873516
473.0838,219.217073558
473.1195,200.4112636
473.1553,182.168333643
473.191,164.775203685
473.2267,148.326893727
473.2446,140.471143748
473.2624,132.933013769
473.2779,126.597583787
473.2933,120.518103805
473.3087,114.655863823
473.3241,109.012683842
473.3395,103.58939386
473.3549,98.3858838779
473.3703,93.401173896
473.3857,88.6334639142
473.4012,84.0513639324
473.4166,79.7107639506
473.432,75.5776039687
473.4474,71.6475039869
473.4628,67.915634005
473.4782,64.3767240232
473.4936,61.0251240413
473.509,57.8549340595
473.5269,54.3898940806
473.5448,51.1515841017
473.5627,48.1297341228
473.5805,45.3291141437
473.5984,42.7078441648
473.6162,40.2848741858
473.6341,38.0226542069
473.6519,35.9364042279
473.6698,33.992694249
473.6876,32.2036242699
473.7055,30.539684291
473.7233,29.010483312
473.7412,27.5900893331
473.759,26.2861113541
473.7769,25.0759483752
473.7947,23.9656333961
473.8094,23.1136184135
473.824,22.3215674307
473.8386,21.5799774479
473.8532,20.8855084651
473.8678,20.2350074823
473.8824,19.6254954995
473.897,19.0541545167
473.9116,18.5183335339
473.9262,18.0155395511
473.9408,17.5434495683
473.9554,17.0998495855
473.97,16.6827026027
473.9846,16.2900906199
473.9992,15.9202266371
474.0138,15.5714456543
474.0284,15.2421966715
474.043,14.9310436887
474.0576,14.6366477059
474.0722,14.3577777232
474.0868,14.0932847404
474.116,13.6032677748
474.1452,13.1590588092
474.1744,12.7542168436
474.2036,12.383310878
474.2328,12.0417109124
474.262,11.7255209468
474.2978,11.367737989
474.3335,11.0390630311
474.3692,10.7343830731
474.4049,10.4503751152
474.4406,10.1843201573
474.4763,9.9339801993
474.512,9.6975012414
474.5477,9.4733402835
474.5834,9.2601983255
474.6191,9.0569793676
474.6905,8.6766744518
474.7619,8.3263415359
474.8333,8.00131762
474.9113,7.670892712
474.9892,7.3629158037
475.0671,7.0738918955
475.145,6.8013329873
475.2229,6.5431950791
475.3008,6.2977751709
475.3787,6.0636582627
475.4566,5.8396633545
475.5281,5.6421374388
475.5995,5.4519435229
475.6709,5.2682796071
475.7423,5.0907256912
475.8137,4.9189547753
475.8851,4.7527218595
475.9565,4.5918749436
476.0279,4.4363420278
476.0993,4.2861411119
476.1707,4.141387196
476.2421,4.0022942802
476.3135,3.8691903643
476.3849,3.7425364485
476.4563,3.6229345326
476.5277,3.5111616167
476.5991,3.4082027009
476.677,3.3073717927
476.7549,3.2204958845
476.8328,3.1501009763
476.9107,3.0993840681
476.9497,3.082614114
476.9886,3.0724021599
477.0276,3.0693820058
477.0665,3.0743525517
477.1055,3.0882308976
477.1444,3.1119668434
477.1834,3.1468565894
477.2223,3.1940618352
477.2613,3.2554066812
477.2808,3.2919076042
477.3002,3.332414227
477.3197,3.37762245
477.3392,3.427644073
477.3587,3.482812496
477.3781,3.5431679188
477.3976,3.6097289418
477.4171,3.6826389648
477.4366,3.7623768878
477.456,3.8490063106
477.4755,3.9439995336
477.495,4.0475727566
477.5145,4.1604362796
477.5339,4.2827187024
477.5599,4.4637529331
477.5729,4.5622854484
477.5858,4.6657614636
477.5988,4.7761288789
477.6118,4.8929838942
477.6248,5.0167229096
477.6377,5.1467429248
477.6556,5.3399439458
477.6735,5.5492089669
477.6914,5.775992988
477.7092,6.020475009
477.7271,6.2871720301
477.7449,6.5750460511
477.7628,6.8894900722
477.7806,7.2293630932
477.7896,7.4123471038
477.7985,7.6011181142
477.8075,7.8002961249
477.8164,8.0058451353
477.8254,8.2228001459
477.8343,8.4467691564
477.8432,8.6805581669
477.8521,8.9246371774
477.8611,9.182425188
477.87,9.4487121985
477.8789,9.726843209
477.8878,10.0173862195
477.8968,10.3244202301
477.9057,10.6417502406
477.9146,10.9733672511
477.9235,11.3199502615
477.9333,11.7197492731
477.943,12.1351732845
477.9528,12.5758262961
477.9625,13.0337893075
477.9723,13.5196533191
477.982,14.0246823305
477.9917,14.5549463419
478.0014,15.1117323533
478.0112,15.7025663649
478.0209,16.3168103763
478.0306,16.9618203878
478.0403,17.6391383992
478.0501,18.3578844107
478.0598,19.1050874222
478.0695,19.8896464336
478.0792,20.713383445
478.0882,21.5143834556
478.0971,22.3428014661
478.106,23.2089294766
478.1149,24.1143994871
478.1239,25.0717894977
478.1328,26.0615895082
478.1417,27.0960195187
478.1506,28.1769595292
478.1596,29.3193195398
478.1685,30.4997295503
478.1774,31.7326695607
478.1863,33.0202795712
478.1953,34.3801595818
478.2042,35.7843995923
478.2131,37.2500796028
478.222,38.7795996133
478.231,40.3937096239
478.2399,42.0590796344
478.2488,43.7958396449
478.2577,45.6066296554
478.2667,47.515799666
478.2756,49.4837096765
478.2934,53.6694096974
478.3113,58.2342797185
478.3291,63.1515297395
478.347,68.5016097606
478.3648,74.2504997816
478.3827,80.4893398027
478.4005,87.1752598236
478.4184,94.4107898447
478.4362,102.142479866
478.4541,110.484819887
478.4719,119.371839908
478.4898,128.930419929
478.5076,139.07995995
478.5255,149.960029971
478.5434,161.539959992
478.5613,173.842760013
478.5791,186.814700034
478.597,200.620670055
478.6148,215.122960076
478.6327,230.498580097
478.6505,246.586650118
478.6684,263.575480139
478.6862,281.27926016
478.7041,299.896720181
478.7219,319.215500202
478.7398,339.443540224
478.7576,360.341110244
478.7755,382.123700265
478.7933,404.523780287
478.829,451.546180329
478.8647,501.099980371
478.9004,552.783980413
478.9361,606.104380455
479.0399,764.671880577
479.0756,818.106680619
479.1113,869.669780661
479.1471,918.658280703
479.1828,963.968280745
479.2185,1004.94398079
479.2541,1040.75078083
479.2894,1070.62478087
479.3247,1094.34568091
479.3624,1112.40058096
479.4,1122.568781
479.4063,1123.49118101
479.4268,1124.92968103
479.4472,1123.98898106
479.4676,1120.69628108
479.488,1115.08198111
479.5168,1103.29528114
479.5456,1087.15418117
479.5732,1067.81518121
479.6007,1045.02828124
479.6458,1000.80848129
479.6908,949.439581344
479.7459,878.944181409
479.8009,802.998081474
479.9111,645.423881604
479.9637,572.319781666
479.99,537.082081697
480.0162,503.078861728
480.0425,470.191011759
480.0687,438.782471789
480.095,408.70338182
480.1212,380.248131851
480.1488,351.949131884
480.1763,325.488551916
480.2039,300.677161949
480.2314,277.677461981
480.2452,266.773191997
480.259,256.287392014
480.2728,246.21342203
480.2865,236.612522046
480.3003,227.336322062
480.314,218.510822078
480.3278,209.997762095
480.3415,201.911132111
480.3616,190.683542135
480.3816,180.234632158
480.4016,170.473822182
480.4216,161.367392205
480.4417,152.840672229
480.4617,144.944372253
480.4817,137.600942276
480.5017,130.7774423
480.5218,124.410992323
480.5418,118.533282347
480.5618,113.08117237
480.5818,108.025392394
480.6018,103.337972418
480.6218,98.9923024412
480.6418,94.9630724648
480.6618,91.2263924884
480.6756,88.8068525046
480.6894,86.5088525209
480.7032,84.3256825372
480.7169,82.2656285533
480.7307,80.2925775696
480.7444,78.4294145857
480.7582,76.643468602
480.7719,74.9554816181
480.7995,71.7926486506
480.827,68.927605683
480.8545,66.3161197155
480.882,63.9295397479
480.9096,61.7348457804
480.9371,59.7254408128
480.9646,57.8732778452
480.9921,56.1609748776
481.0196,54.57330191
481.0471,53.0968889424
481.0746,51.7200249748
481.1021,50.4324750072
481.1322,49.1150000427
481.1622,47.887508078
481.1923,46.7329831135
481.2223,45.6514511489
481.2524,44.6290321843
481.2824,43.6667082197
481.3124,42.755951255
481.3424,41.8923122904
481.3725,41.0692233259
481.4025,40.2887003612
481.4625,38.8349914319
481.5226,37.5054875027
481.5826,36.2878365734
481.6377,35.2543256384
481.6927,34.2944517032
481.7478,33.3971987681
481.8028,32.5593798329
481.8579,31.7723738979
481.9129,31.0341689627
481.968,30.3378170276
482.023,29.6821160924
482.0781,29.0613621573
482.1331,28.4748562222
482.1882,27.9178402871
482.2432,27.3899783519
482.2983,26.8872304168
482.3533,26.4095274816
482.4084,25.9534025466
482.4634,25.5189476114
482.5735,24.7062627411
482.6836,23.9615448709
482.7937,23.2765010006
482.9038,22.6441161304
483.0139,22.0584596601
483.124,21.5144237898
483.2341,21.0076406196
483.3442,20.5343038493
483.4443,20.1302105673
483.5444,19.7488309852
483.6445,19.3882410032
483.7446,19.0466947212
483.8447,18.7226408391
483.9448,18.4147294571
484.0449,18.121699075
484.145,17.842474193
484.2451,17.5760331109
484.3452,17.3214857289
484.4453,17.0780222469
484.5454,16.8448916648
484.7456,16.4069433007
484.9458,16.0028531367
485.1661,15.5924972963
485.3863,15.2138687557
485.6065,14.8629477152
485.8267,14.5365217747
486.0469,14.2318611342
486.2671,13.9466189937
486.4873,13.6788234532
486.7075,13.4267184127
486.9177,13.1992291604
487.1279,12.9833438081
487.3381,12.7779509558
487.5483,12.5821248035
487.7585,12.3951024512
487.9687,12.2161889989
488.1789,12.0447553466
488.3891,11.8802073943
488.5993,11.722025442
488.8095,11.5697343897
489.2299,11.2810832851
489.6503,11.0112029805
490.0707,10.7575256759
490.5112,10.506750095
490.9516,10.2693445139
491.392,10.0434214329
491.8324,9.8274153519
492.2728,9.6199407708
492.7132,9.4197676898
493.1536,9.2257826088
493.594,9.0369584277
493.9143,8.9023191052
494.3347,8.7283735006
494.7551,8.556843296
495.1755,8.3869256914
495.5959,8.2177928868
496.0163,8.0485578822
496.2265,7.9636029299
496.4367,7.8782489776
496.6469,7.7923560253
496.8571,7.705772673
497.0673,7.6183262207
497.2775,7.5298221684
497.4877,7.4400412161
497.6979,7.3487423638
497.9081,7.2556570115
498.1183,7.1604847592
498.3285,7.0628818069
498.4336,7.0130482308
498.5387,6.9624541546
498.6438,6.9110412785
498.7489,6.8587462023
498.854,6.8055004262
498.9591,6.75123355
499.0692,6.6932067797
499.1793,6.6338875095
499.2894,6.5731858392
499.3995,6.511015669
499.5096,6.4473045987
499.6197,6.3820052284
499.6748,6.3487320933
499.7298,6.3151375581
499.7849,6.281117423
499.8399,6.2468348877
499.92,6.1964700819
500.0,6.1459979758
500.0742,6.0996626625
500.1113,6.0769877058
500.1484,6.0549026488
500.1855,6.0336902917
500.2226,6.0137287343
500.2597,5.9955256766
500.2968,5.9797546186
500.3339,5.96730286
500.371,5.959336201
500.4081,5.9573699412
500.4452,5.9633596807
500.4638,5.9701188002
500.4823,5.9798124193
500.5009,5.9929656382
500.5194,6.0099056567
500.538,6.031344775
500.5565,6.0576378929
500.5751,6.0897249105
500.5936,6.1279859276
500.6192,6.1928679506
500.632,6.2311639618
500.6447,6.2734419726
500.6575,6.3207179833
500.6702,6.3726179937
500.683,6.4303540039
500.6957,6.4934390137
500.7085,6.5633100234
500.7212,6.6393420327
500.734,6.7232280418
500.7467,6.8141790505
500.7595,6.9141800589
500.7722,7.0222470669
500.785,7.1406930747
500.7977,7.2683050821
500.8105,7.4077670891
500.8232,7.5575970958
500.836,7.7208911021
500.8487,7.895855108
500.8615,8.0860441135
500.8742,8.2893051185
500.887,8.5096991232
500.8997,8.7446601274
500.9125,8.9988061312
500.9252,9.2691001345
500.938,9.5607691374
500.9507,9.8702401398
500.9635,10.2034061417
500.9762,10.5560891431
500.989,10.9348991441
501.0017,11.3349831445
501.0179,11.8820531443
501.0341,12.4723781433
501.0503,13.1082131414
501.0664,13.7874411387
501.0826,14.5207331351
501.0987,15.3012211307
501.1149,16.1407651253
501.131,17.0310831191
501.1472,17.9852531119
501.1633,18.9934141039
501.1795,20.0698970949
501.1956,21.2030780851
501.2118,22.4085200743
501.2279,23.6726830627
501.2441,25.0123780501
501.2602,26.4119730367
501.2831,28.5209830161
501.3059,30.7595139938
501.3287,33.1361849698
501.3515,35.6493929441
501.3743,38.2961559167
501.3971,41.0719798878
501.4199,43.9708158572
501.4427,46.9849558251
501.4762,51.6028157752
501.5096,56.3982857225
501.543,61.3413056669
501.5764,66.3811456087
501.6342,75.1600755023
501.692,83.7206653894
501.7255,88.4395753214
501.7589,92.877695252
501.7954,97.3400151745
501.8289,101.006345102
501.8623,104.188785029
501.8805,105.704254988
501.8972,106.950304951
501.9139,108.052444913
501.9307,109.011154875
501.9473,109.806524837
501.964,110.450904799
501.9871,111.079804746
502.0,111.296824717
502.0011,111.310854714
502.0039,111.343394708
502.0066,111.370444701
502.0131,111.418134686
502.0195,111.441044672
502.0324,111.414664642
502.0528,111.175674594
502.0729,110.705904547
502.1039,109.534744475
502.124,108.494364427
502.144,107.24837438
502.1842,104.144564285
502.2189,100.876754203
502.2535,97.1425141212
502.2937,92.3009540256
502.3338,87.0451939301
502.3886,79.3934137994
502.4433,71.4890836688
502.4835,65.6737635728
502.5236,59.978523477
502.5637,54.4734833811
502.6038,49.2287532852
502.6239,46.7156232372
502.644,44.2873931891
502.6641,41.948613141
502.6841,39.7138530932
502.7042,37.5634730451
502.7242,35.5207529973
502.7443,33.5663929492
502.7643,31.7201929014
502.7844,29.9634228533
502.8045,28.3046428052
502.8246,26.7423627571
502.8446,25.2817027093
502.8647,23.9056626612
502.8848,22.6189926131
502.9049,21.418607565
502.9249,20.3065325172
502.945,19.2681044691
502.9651,18.305375421
502.9852,17.4145643729
503.0052,16.5957323251
503.0153,16.2066073009
503.0253,15.836805277
503.0353,15.4819452531
503.0453,15.1415372292
503.0554,14.811910205
503.0654,14.4991351811
503.0754,14.1994171572
503.0854,13.9123021332
503.0964,13.6105001069
503.1073,13.3253750809
503.1183,13.0511290545
503.1292,12.7921960285
503.1402,12.5432830022
503.1511,12.3083909761
503.1621,12.0826909498
503.173,11.8697909237
503.184,11.6652948974
503.1949,11.4724518713
503.2059,11.287265845
503.2168,11.1126628189
503.2278,10.9450097926
503.2387,10.7869447665
503.2497,10.6351687402
503.2606,10.4920607141
503.2716,10.3546236878
503.2825,10.2250086617
503.3044,9.9830166094
503.3263,9.763541557
503.3482,9.5642505046
503.3701,9.3830224522
503.392,9.2179313998
503.4139,9.0672283474
503.4357,8.9299482953
503.4558,8.8134222472
503.4759,8.7055231991
503.496,8.605363951
503.516,8.5125951032
503.5361,8.4255748551
503.5562,8.344140807
503.5763,8.2677188589
503.5963,8.1961442111
503.6365,8.0639877149
503.6766,7.945259719
503.7167,7.8371996231
503.7568,7.7379133271
503.797,7.645692531
503.8371,7.559834035
503.8773,7.4790002389
503.9174,7.4028955429
503.9576,7.3306054468
503.9977,7.2620991509
504.0378,7.1969208549
504.0779,7.134917059
504.1217,7.0707763542
504.1655,7.0104961494
504.2093,6.9543920447
504.2531,6.9030238399
504.2915,6.862545348
504.3298,6.8272348564
504.3681,6.7980251648
504.4064,6.7762541732
504.4447,6.7636060815
504.4639,6.7613345356
504.483,6.7621650899
504.5022,6.766438544
504.5213,6.7744739983
504.5405,6.7867540524
504.5596,6.8035829067
504.5788,6.8256066607
504.5979,6.8530988151
504.6171,6.8868954691
504.6362,6.9272214234
504.6554,6.9751233775
504.6745,7.0307593318
504.6937,7.0954112859
504.7128,7.1691342402
504.732,7.2534711943
504.7511,7.3483411486
504.7703,7.4555691026
504.7894,7.5748900569
504.8086,7.708430011
504.8277,7.8556859653
504.8469,8.0191059194
504.866,8.1978858737
504.8861,8.4044668256
504.9062,8.6309667775
504.9263,8.8783807295
504.9463,9.1462656816
504.9664,9.4381986335
504.9865,9.7537275854
505.0066,10.0935975374
505.0266,10.4565834895
505.0467,10.8468434414
505.0668,11.2630293934
505.0869,11.7053953453
505.1069,12.1716382974
505.127,12.6663352493
505.147,13.1842872015
505.1671,13.7301961534
505.1871,14.2979361056
505.2109,15.0041690486
505.2346,15.7386449919
505.282,17.2908698786
505.3294,18.9325207652
505.3768,20.6312076518
505.4425,23.0060624946
505.4754,24.1707804159
505.5082,25.2941813374
505.5483,26.5922322415
505.5884,27.7792101456
505.614,28.4656430843
505.6395,29.0858420233
505.6797,29.9195319272
505.7162,30.5081568399
505.7363,30.7589057918
505.75,30.898749759
505.76,30.9846407351
505.7699,31.0560567114
505.78,31.1148276872
505.8,31.1888976394
505.8128,31.2066256088
505.8321,31.1894535626
505.8477,31.1370955253
505.8689,31.0112684746
505.9001,30.7136283999
505.9312,30.2882553255
505.9539,29.9005912712
505.9765,29.4535912172
506.0077,28.7434151425
506.0388,27.9381370681
506.0869,26.5297969531
506.135,24.966684838
506.1973,22.794627689
506.2595,20.5588305402
506.3218,18.3493303912
506.353,17.2801063165
506.3841,16.2504942421
506.4153,15.2607841675
506.4464,14.3228500931
506.4775,13.4376340187
506.4931,13.0144219814
506.5086,12.6080549443
506.5369,11.9029938766
506.5511,11.5673088426
506.5652,11.2459648089
506.5794,10.9343637749
506.5935,10.6368187412
506.6077,10.3489987072
506.6218,10.0748136735
506.636,9.8102046395
506.6501,9.5587006058
506.6643,9.3165105718
506.6784,9.0868055381
506.6926,8.8660635041
506.7067,8.6571154704
506.7209,8.4567064364
506.735,8.2673544027
506.7492,8.0860593687
506.7633,7.915055335
506.7775,7.751588301
506.7916,7.5976332673
506.8058,7.4506702333
506.8199,7.3124391996
506.8341,7.1806461656
506.8482,7.0568181319
506.8624,6.9388730979
506.8765,6.8281530642
506.8907,6.7227690302
506.9048,6.6239009965
506.919,6.5298409625
506.9331,6.4416239288
506.9473,6.3577128948
506.9614,6.2790148611
506.9813,6.1752748135
507.0011,6.0799417661
507.0209,5.9918168188
507.0407,5.9102818714
507.0605,5.834756024
507.0803,5.7647006767
507.1001,5.6996120293
507.1199,5.6390244819
507.1398,5.5822342343
507.1596,5.529414387
507.1794,5.4799066396
507.1992,5.4333818922
507.2388,5.3480944975
507.2784,5.2714567028
507.3096,5.2160330281
507.3407,5.1643734538
507.3719,5.1155625791
507.403,5.0694276047
507.4653,4.9830079557
507.5275,4.9027355069
507.5898,4.8266338579
507.6521,4.7536609088
507.7144,4.6830133598
507.7766,4.614242811
507.8389,4.546738162
507.9012,4.4803342129
507.9635,4.4148281639
508.0257,4.3501753151
508.088,4.2860559661
508.1503,4.222497117
508.2126,4.159443968
508.2748,4.0969650192
508.3371,4.0348450702
508.3994,3.9731930211
508.4617,3.9120351721
508.5239,3.8515170233
508.5862,3.7915145743
508.6485,3.7322225252
508.7108,3.6737660762
508.773,3.6163926274
508.8353,3.5601155784
508.8976,3.5052682293
508.9599,3.4521470803
509.0221,3.4011899315
509.0844,3.3526717825
509.1466,3.3072806337
509.2089,3.2655234846
509.2711,3.2283353359
509.3334,3.1965961868
509.3957,3.1716230378
509.458,3.1549738888
509.5202,3.14867774
509.5825,3.1553565909
509.6448,3.1785594419
509.676,3.1978313673
509.7071,3.2230942929
509.7382,3.2552972185
509.7693,3.2955021441
509.7948,3.3353220831
509.8203,3.3821920221
509.8458,3.4370719611
509.8712,3.5008016003
509.8967,3.5751750393
509.9222,3.6614707783
509.9477,3.7614487173
509.9731,3.8766742565
509.9986,4.0104385955
510.0241,4.1651087345
510.0496,4.3439234735
510.075,4.5497784128
510.0878,4.6653483822
510.1005,4.7886453518
510.1132,4.9211843214
510.1259,5.063660291
510.1387,5.2180672604
510.1514,5.38279923
510.1641,5.5598751996
510.1768,5.7502151692
510.1924,6.0036241319
510.208,6.2804980946
510.2236,6.5829690573
510.2391,6.9111340202
510.2547,7.2717119829
510.2703,7.6653779456
510.2859,8.0950409083
510.3014,8.5607018712
510.317,9.0717228339
510.3248,9.3442858152
510.3326,9.6288487965
510.3404,9.9259027779
510.3482,10.2359597592
510.356,10.5595467406
510.3637,10.8927887221
510.3715,11.2448987035
510.3793,11.6122226848
510.3871,11.9953596662
510.3949,12.3949296475
510.4027,12.8115716289
510.4105,13.2459426102
510.4183,13.6987215915
510.426,14.1644325731
510.4374,14.8895915458
510.4487,15.6524485188
510.46,16.4615264918
510.4713,17.3192714648
510.4855,18.4700574308
510.4996,19.6979323971
510.5138,21.0257453631
510.5279,22.4404243294
510.5421,23.9679142954
510.5562,25.5927742617
510.5704,27.3443842277
510.5845,29.204554194
510.5987,31.20642416
510.6128,33.3286541263
510.627,35.6084540923
510.6411,38.0209040586
510.6553,40.6076440246
510.6694,43.3396839909
510.6836,46.2634039569
510.6977,49.3452539232
510.7133,52.9716738858
510.7289,56.8357638485
510.7445,60.9478638112
510.76,65.2893137741
510.7756,69.9261337368
510.7912,74.8410236995
510.8068,80.0435236622
510.8223,85.5066336251
510.8379,91.3095535878
510.8534,97.3859635507
510.869,103.821893513
510.8845,110.541633476
510.9001,117.638023439
510.9156,125.025273402
510.9312,132.802993365
510.9467,140.874673328
510.9623,149.34656329
510.9779,158.168593253
510.9935,167.340303216
511.009,176.797703179
511.0246,186.659603141
511.0402,196.861053104
511.0713,218.184623029
511.1025,240.832892955
511.1336,264.56018288
511.1648,289.388882806
511.1959,315.000082731
511.2553,365.605182589
511.3147,417.063282447
511.377,469.899482298
511.4082,495.194182223
511.4393,519.224982149
511.4705,541.841282074
511.5016,562.603282
511.5328,581.364881925
511.5639,597.749881851
511.5893,609.25668179
511.6147,618.96168173
511.6435,627.673181661
511.6723,633.850681592
511.7024,637.52318152
511.7047,637.685481514
511.7123,638.101481496
511.7198,638.331381478
511.7348,638.252781442
511.7648,635.95088137
511.7913,631.571681307
511.8178,625.050281244
511.8521,613.560781162
511.8864,598.84258108
511.9208,581.117980997
511.9552,560.750180915
511.9895,538.167780833
512.0238,513.696380751
512.0582,487.653280669
512.0925,460.589180586
512.1612,404.646580422
512.2299,348.783780258
512.2642,321.708080176
512.2985,295.520590094
512.3235,277.114220034
512.3485,259.358089974
512.3735,242.307629914
512.3984,226.070209855
512.4234,210.548409795
512.4484,195.831839735
512.4734,181.933489675
512.4983,168.908169616
512.5155,160.385579575
512.5327,152.247339533
512.5499,144.488949492
512.567,137.145929451
512.5842,130.12541941
512.6014,123.463089369
512.6186,117.149749328
512.6357,111.209149287
512.6529,105.561229246
512.6701,100.230489205
512.6873,95.2052791637
512.7044,90.5003091227
512.7216,86.0484390816
512.7387,81.8892290407
512.7559,77.9617389995
512.773,74.2994289586
512.7902,70.8472689175
512.8074,67.6152788763
512.8246,64.5915888352
512.8417,61.7804587943
512.8589,59.1377687532
512.8761,56.669558712
512.8933,54.3652186709
512.9104,52.22661863
512.9276,50.2190085888
512.9448,48.3459485477
512.962,46.5985115065
512.9791,44.9773494656
512.9963,43.4554724245
513.0135,42.0350643833
513.0307,40.7089093422
513.0478,39.4772093013
513.0642,38.371361262
513.0806,37.3341012228
513.097,36.3605631836
513.1134,35.4462081443
513.1298,34.5867491051
513.1462,33.7782350659
513.1626,33.0169370266
513.1789,32.3036779877
513.1953,31.6264959484
513.2117,30.9869439092
513.2281,30.38224487
513.2445,29.8098468307
513.2609,29.2673977915
513.2773,28.7527137523
513.2937,28.263780713
513.31,27.801503674
513.3428,26.9361445956
513.3756,26.1475655171
513.4084,25.4255064386
513.4411,24.7632213604
513.4739,24.149354282
513.5067,23.5798272035
513.5395,23.049369125
513.5722,22.5550150468
513.6066,22.0680199645
513.6409,21.6125698825
513.6753,21.1828698002
513.7096,20.7787327181
513.744,20.3955056358
513.7783,20.0334275538
513.8127,19.6886614715
513.847,19.3617003894
513.8814,19.0493003071
513.9157,18.7521052251
513.9844,18.1957000607
514.0531,17.6853288964
514.1217,17.2158387323
514.1748,16.8768846053
514.2279,16.5571734782
514.281,16.2550323512
514.334,15.9694982244
514.3871,15.6981980974
514.4402,15.4405249704
514.4933,15.1954135434
514.5463,14.9623690166
514.5994,14.7396605895
514.6525,14.5269732625
514.7586,14.1293203087
514.8647,13.7641568549
514.9708,13.4274817011
515.0395,13.2230620367
515.1082,13.0283705724
515.1769,12.842686508
515.2456,12.6653552437
515.3143,12.4957958794
515.383,12.333479615
515.5203,12.0288901866
515.6577,11.7477170579
515.795,11.4875424294
515.9324,11.2455723007
516.0697,11.0201001723
516.1759,10.8557794182
516.282,10.6995973644
516.3882,10.5506200104
516.4943,10.4085536566
516.6005,10.2726111025
516.7066,10.1425789487
516.8128,10.0177857947
516.9189,9.8980824409
517.1312,9.672131933
517.3435,9.4623327251
517.5558,9.2667031173
517.768,9.0836554096
518.0178,8.8822493121
518.2675,8.6942762147
518.5173,8.5179280172
518.767,8.3519460198
519.0168,8.1950196223
519.2665,8.0462801249
519.5162,7.9048080276
519.7659,7.7698267303
520.0407,7.6279172729
520.3154,7.4922030158
520.5901,7.3619702586
520.8648,7.2366848015
521.1396,7.1158268441
521.4143,6.999047787
521.689,6.8859029299
521.9637,6.7760396727
522.5132,6.5648731582
523.0626,6.3634397439
523.6121,6.1698696294
524.1615,5.9827285152
524.561,5.8499253595
525.1105,5.670875145
525.6599,5.4951262307
526.2094,5.3216911162
526.7588,5.1497791019
527.3083,4.9785138874
527.8577,4.8071629731
528.4072,4.6348598586
528.6819,4.5481206015
528.9566,4.4608346444
529.3562,4.3326526884
529.7558,4.2027083325
530.1554,4.0706216766
530.555,3.9359742207
530.8298,3.8416286633
531.1045,3.7456790062
531.3792,3.647905549
531.6539,3.5481232919
531.9286,3.4461356348
532.066,3.3942317061
532.2033,3.3417375776
532.3407,3.2885496489
532.478,3.2347230205
532.6154,3.1801557918
532.7527,3.1249076634
532.9151,3.0586060749
533.0774,2.9912953866
533.2398,2.9228875981
533.4021,2.8534866099
533.5645,2.7830594214
533.6457,2.7475069271
533.7268,2.7117981331
533.808,2.6758680389
533.8891,2.6398385449
533.9703,2.6036596506
534.0514,2.5674695566
534.1763,2.5117730578
534.3012,2.456392159
534.3637,2.4289228095
534.4261,2.4017438603
534.4885,2.374888011
534.5509,2.3484476617
534.6134,2.3224924122
534.6758,2.2972359629
534.7383,2.2727542134
534.8007,2.2493145641
534.8632,2.2270693146
534.9256,2.2063709654
534.988,2.1875289161
535.0504,2.1709755668
535.1191,2.1560403025
535.1878,2.1454825381
535.2565,2.1405996738
535.2909,2.1408300915
535.3252,2.1432140094
535.3596,2.1481219271
535.3939,2.1559608451
535.4283,2.1673097628
535.4626,2.1827603808
535.497,2.2032172985
535.5313,2.2295709164
535.5656,2.2631198344
535.5999,2.3054220523
535.6327,2.3558387738
535.6655,2.4181142954
535.6983,2.4948160169
535.7311,2.5890898384
535.7475,2.6439867992
535.7639,2.70477956
535.7803,2.7720789207
535.7967,2.8465573815
535.8131,2.9289563423
535.8295,3.0200874031
535.8459,3.1208413638
535.8622,3.2314803248
535.8786,3.3544230856
535.895,3.4901871464
535.9114,3.6400437071
535.9278,3.8053725679
535.9442,3.9876745287
535.9606,4.1885784894
535.977,4.4098474502
535.9933,4.6518294112
536.0097,4.919540372
536.0261,5.2137783327
536.0425,5.5369222935
536.0589,5.8915232543
536.0753,6.2803142151
536.0917,6.7062091758
536.1081,7.1723191366
536.1244,7.6787030976
536.1416,8.2634690565
536.1502,8.5765710359
536.1588,8.9042260153
536.1674,9.2470079947
536.176,9.6055099742
536.1846,9.9803349536
536.1931,10.3674519333
536.2017,10.7765999127
536.2103,11.2039768921
536.2189,11.6502528715
536.2275,12.116108851
536.2361,12.6022438304
536.2447,13.1093728098
536.2533,13.6382187892
536.2618,14.1829847689
536.2704,14.7572337483
536.279,15.3554577278
536.2876,15.9784367072
536.2962,16.6269606866
536.3048,17.301844666
536.3134,18.0038896455
536.3305,19.4837946046
536.3477,21.0906735634
536.3648,22.8125635225
536.382,24.6765074814
536.3991,26.6677124405
536.4116,28.2143424106
536.4241,29.8409123807
536.4366,31.5500423508
536.449,33.3297123211
536.4678,36.1935022761
536.4865,39.2475522314
536.5053,42.5327721864
536.524,46.0219421417
536.5428,49.7596120967
536.5615,53.712632052
536.5802,57.9060220072
536.5989,62.3447619625
536.6161,66.6475119214
536.6333,71.1635318802
536.6505,75.8942818391
536.6676,80.8109717982
536.6848,85.970691757
536.702,91.3438617159
536.7192,96.9279216747
536.7363,102.684891634
536.7691,114.281821555
536.8019,126.566141477
536.8347,139.473181398
536.8674,152.87849132
536.9018,167.450141238
536.9361,182.324611156
537.0048,212.513170992
537.0734,241.965620827
537.1078,255.975220745
537.1421,269.164420663
537.1765,281.406220581
537.2108,292.434720499
537.2514,303.722920402
537.2857,311.582920319
537.32,317.764820237
537.3545,322.183920155
537.3935,324.914520062
537.4017,325.177020042
537.4033,325.215520038
537.4086,325.313420026
537.4139,325.365920013
537.4244,325.335319988
537.4455,324.734519937
537.4671,323.378919886
537.4886,321.296919834
537.511,318.367519781
537.5333,314.704519727
537.5557,310.304419674
537.578,305.24081962
537.6085,297.283319547
537.6389,288.267119475
537.6836,273.301819368
537.7283,256.681219261
537.773,238.847319154
537.8177,220.244919047
537.8949,187.548358862
537.9335,171.44518877
537.972,155.831018678
538.0167,138.492098571
538.0391,130.188588517
538.0614,122.207678464
538.0838,114.49573841
538.1061,107.135828357
538.1285,100.072798303
538.1508,93.3771882501
538.1661,88.9795682135
538.1813,84.7696081771
538.1966,80.6919481405
538.2118,76.7993681041
538.2271,73.0395680675
538.2423,69.4601880312
538.2575,66.0341979948
538.2727,62.7592379584
538.288,59.6125079218
538.3032,56.6320878855
538.3184,53.7935978491
538.3336,51.0934678128
538.3489,48.5114577762
538.3641,46.0773077398
538.3793,43.7695877034
538.3945,41.5840276671
538.4057,40.0492576403
538.4169,38.5766876135
538.4281,37.1645475867
538.4392,35.8228775601
538.4504,34.5257375334
538.4616,33.2836675066
538.4728,32.0949074798
538.4839,30.9675874532
538.4951,29.8796774264
538.5063,28.8398073996
538.5175,27.8462373728
538.5286,26.9055743463
538.5398,25.9991933195
538.5509,25.1416772929
538.5621,24.3159622661
538.5732,23.5352412396
538.5844,22.7839192128
538.5956,22.067684186
538.6068,21.3850611592
538.6179,20.7402771327
538.6291,20.1203471059
538.6403,19.5298440791
538.6515,18.9674640523
538.6626,18.4366010257
538.6738,17.9264559989
538.685,17.4407369721
538.6962,16.9783009453
538.7073,16.5418749188
538.7185,16.122526892
538.7296,15.7267268654
538.7408,15.3463818387
538.7519,14.9873478121
538.7641,14.6122377829
538.7763,14.2564617537
538.7885,13.9189417245
538.8007,13.5986676954
538.8129,13.2946536662
538.8251,13.005975637
538.8373,12.7317546078
538.8494,12.4732375789
538.8738,11.9895885205
538.8982,11.5514954621
538.9226,11.1537444037
538.9469,10.7931083456
538.9713,10.4625092873
538.9957,10.1598512289
539.0201,9.8819061705
539.0444,9.6268431124
539.0688,9.390073054
539.0931,9.1713649959
539.1175,8.9670039375
539.1418,8.7769988794
539.1642,8.6125418258
539.1865,8.4579847724
539.2089,8.3110627189
539.2312,8.1723146655
539.2759,7.9141295586
539.3206,7.6788464517
539.3653,7.4628673447
539.41,7.2633482378
539.4547,7.0780251309
539.4993,6.9054500242
539.544,6.7433659172
539.5887,6.5909522103
539.6334,6.4471888034
539.678,6.3115113967
539.7227,6.1825771898
539.7674,6.0600659828
539.8121,5.9434247759
539.8567,5.8324167692
539.9177,5.6885161233
539.9786,5.5531259776
540.0396,5.4249846317
540.1005,5.303802886
540.1615,5.1885651401
540.2224,5.0791045944
540.2833,4.9747482487
540.3442,4.875069803
540.4661,4.6881206114
540.5879,4.5159734201
540.7098,4.3562494285
540.8316,4.2074986371
540.921,4.1043845232
541.0104,4.0058676094
541.0998,3.9115298955
541.1891,3.8211030819
541.3678,3.6502984544
541.5465,3.4912460269
541.7253,3.3420957992
541.904,3.2015834717
542.0827,3.0684568442
542.2614,2.9417628167
542.3914,2.8531868057
542.5702,2.735787578
542.7489,2.6230920505
542.9276,2.514612623
543.1063,2.4100449955
543.285,2.3092199681
543.4637,2.2121481406
543.5531,2.1650770267
543.6424,2.1191623131
543.7318,2.0744737992
543.8211,2.0314216856
543.878,2.0050644495
543.9349,1.9798216134
543.9918,1.9560545773
544.0486,1.9343412414
544.1055,1.9154044053
544.1623,1.9004720694
544.2192,1.8911668333
544.2476,1.8893466653
544.276,1.8898901974
544.3045,1.8932547292
544.3329,1.8999352613
544.3614,1.9105822931
544.3898,1.9258140252
544.4183,1.946540757
544.4467,1.973526089
544.4751,2.0078638211
544.5035,2.0507146532
544.532,2.103582085
544.5604,2.1675429171
544.5888,2.2443568491
544.6172,2.3357687812
544.6315,2.387913747
544.6457,2.444080713
544.6599,2.504877679
544.6741,2.5705726451
544.6883,2.6414406111
544.7025,2.7177635771
544.7167,2.7998315432
544.7309,2.8879405092
544.7431,2.96869148
544.7553,3.0543174508
544.7675,3.1450124216
544.7797,3.2409753925
544.7919,3.3424033633
544.8041,3.4494933341
544.8163,3.5624463049
544.8284,3.6804592759
544.8406,3.8056752468
544.8528,3.9373372176
544.865,4.0756391884
544.8772,4.2207661592
544.9016,4.5322171008
544.9259,4.8716190427
544.9503,5.2430249843
544.9747,5.646218926
544.9991,6.0821298676
545.0234,6.5494868095
545.0478,7.0525997511
545.0722,7.5898026927
545.0966,8.1609626344
545.1209,8.7630605762
545.1494,9.5103905081
545.1778,10.2973564401
545.2062,11.1237153722
545.2346,11.9858853042
545.2631,12.8826712361
545.2915,13.8025651681
545.3483,15.6962220323
545.4215,18.1623018571
545.4581,19.3657427696
545.4946,20.5206876823
545.5393,21.8448115753
545.584,23.0361584684
545.6104,23.6636634053
545.6368,24.2267003421
545.6531,24.5395853031
545.6896,25.1367382158
545.712,25.4282811622
545.7343,25.6591121089
545.7475,25.7670770773
545.7586,25.8410830507
545.7697,25.8996010242
545.7873,25.9603719821
545.8,25.9797079517
545.8056,25.9816839383
545.8276,25.9506358857
545.847,25.8721198393
545.8664,25.7461567929
545.8892,25.5384907383
545.9278,25.044886646
545.9664,24.3828715536
545.9998,23.6855734737
546.0332,22.8848713938
546.0718,21.8476953015
546.1104,20.7113282092
546.1491,19.4952131166
546.1877,18.2287130242
546.2264,16.9280049317
546.265,15.6214438393
546.3247,13.6284426965
546.3546,12.660270625
546.3844,11.7244255537
546.4143,10.8203534822
546.4441,9.9588344109
546.474,9.1378683394
546.5038,8.3657752681
546.5319,7.6816562008
546.56,7.0411391336
546.5881,6.4445560664
546.6162,5.8916888992
546.6303,5.6305410655
546.6443,5.381837932
546.6584,5.1418763982
546.6724,4.9138861647
546.6865,4.694414031
546.7005,4.4863635975
546.7146,4.2865340638
546.7286,4.0975184303
546.7427,3.9163612966
546.7567,3.7453711631
546.7708,3.5818312294
546.7848,3.4277841959
546.7989,3.2807419621
546.8129,3.1425052286
546.827,3.0108063949
546.841,2.8872255614
546.8551,2.7697030277
546.8691,2.6596195942
546.8832,2.5551129605
546.8972,2.457384727
546.9113,2.3647566933
546.9253,2.2782702598
546.9394,2.196421626
546.9534,2.1201091925
546.9675,2.0479871588
546.9815,1.9808307253
547.0096,1.8584847581
547.0377,1.7512470909
547.0658,1.6574258237
547.0939,1.5754687564
547.122,1.5039592892
547.1501,1.441617522
547.1782,1.3872893548
547.2169,1.3237139622
547.2555,1.2712014699
547.2942,1.2275307773
547.3328,1.1913169849
547.3715,1.1610456924
547.4101,1.1357992
547.4487,1.1146284077
547.4873,1.0968445153
547.5646,1.0693432304
547.6419,1.0502582455
547.7192,1.0377402606
547.7964,1.0307334759
547.8667,1.0286400077
547.9369,1.0304024798
548.0072,1.0359450316
548.0774,1.0452601837
548.1477,1.0584465055
548.2179,1.0755862476
548.2882,1.0968917594
548.3584,1.1224978615
548.4357,1.1559787466
548.513,1.1953452817
548.5903,1.2410043068
548.6675,1.2933442921
548.7448,1.3530213072
548.7835,1.3858091146
548.8221,1.4205514222
548.8608,1.4575122297
548.8994,1.4965874373
548.938,1.537963645
548.9766,1.5817394527
549.0153,1.6281423601
549.0539,1.6770415677
549.0926,1.7288081752
549.1312,1.7832970828
549.1699,1.8409232902
549.2085,1.9015255979
549.2471,1.9653960056
549.2857,2.0326887132
549.3244,2.1037547207
549.363,2.1784032283
549.4017,2.2572043357
549.4403,2.3399475434
549.479,2.4272714508
549.5176,2.5189443585
549.5562,2.6154210661
549.5948,2.7169517738
549.637,2.8340487729
549.6791,2.9575716721
549.7213,3.0885075712
549.7634,3.2266574705
549.8056,3.3731353695
549.8477,3.5277382688
549.8899,3.6917301679
549.932,3.8649000672
549.9637,4.0019689913
549.9953,4.1446219157
550.0269,4.2935738401
550.0585,4.4491367645
550.0901,4.611642689
550.1217,4.7814416134
550.1533,4.9589065378
550.1849,5.1444374622
550.2166,5.3390843863
550.2482,5.5420723107
550.2798,5.7544862352
550.3114,5.9768381596
550.343,6.209682084
550.3746,6.4536060084
550.4062,6.7092429328
550.4378,6.9772708572
550.4712,7.2748437773
550.5046,7.5880026974
550.538,7.9177486175
550.5713,8.2641015378
550.6047,8.6303194579
550.6381,9.016669378
550.6715,9.4245472981
550.7048,9.8541472185
550.7382,10.3097131386
550.7716,10.7918110587
550.805,11.3024419788
550.8383,11.8421398991
550.8717,12.4165778192
550.905,13.0249707396
550.9384,13.6739676597
550.9717,14.36297958
551.0104,15.2212524874
551.049,16.1451193951
551.0877,17.1468303025
551.1263,18.2297452102
551.165,19.4093421176
551.2036,20.6909380252
551.2422,22.0907069329
551.2808,23.6240878406
551.3195,25.313700748
551.3581,27.1720496556
551.3775,28.1789866092
551.3968,29.2337505631
551.4161,30.3451905169
551.4354,31.5174094707
551.4548,32.7614714243
551.4741,34.0693983782
551.4934,35.452656332
551.5127,36.9169182858
551.532,38.4683202396
551.5513,40.1135081935
551.5706,41.8596461473
551.5899,43.7144861011
551.6093,45.6969260547
551.6286,47.7956060086
551.6479,50.0301259624
551.6672,52.4109359162
551.6866,54.9628358698
551.7059,57.6716158236
551.7252,60.5628957775
551.7445,63.6504457313
551.7639,66.9666556849
551.7832,70.4930656387
551.8025,74.2628655926
551.8218,78.2937455464
551.8411,82.6044155002
551.8604,87.2146254541
551.8797,92.1451954079
551.899,97.4179953617
551.9184,103.086135315
551.9377,109.115245269
551.957,115.558515223
551.9763,122.441825177
551.9957,129.83135513
552.015,137.678575084
552.0343,146.048635038
552.0536,154.970694992
552.073,164.524934946
552.0923,174.642784899
552.1116,185.402074853
552.1309,196.832954807
552.1502,208.965124761
552.1695,221.828404715
552.1888,235.451474668
552.2081,249.862474622
552.238,273.806534551
552.2679,299.798414479
552.2978,327.919844408
552.3276,358.133324336
552.3575,390.691984265
552.3873,425.408134194
552.4172,462.521654122
552.447,501.765304051
552.4857,556.005463958
552.5243,613.617583866
552.5629,674.457083774
552.6015,738.142083681
552.6402,804.359983589
552.6788,872.177983496
552.7561,1010.45208331
552.8334,1146.42188313
552.872,1211.13658303
552.9106,1272.43078294
552.9471,1326.36728285
552.9835,1375.45318277
553.0199,1419.10158268
553.0563,1456.63688259
553.0895,1485.04098251
553.1227,1507.49278243
553.1559,1523.69588236
553.189,1533.42248228
553.2,1535.21098225
553.2112,1536.28638222
553.2502,1534.16858213
553.2891,1523.05618204
553.328,1503.20528194
553.3669,1475.03058185
553.3946,1450.19988178
553.4222,1421.78778172
553.4499,1389.86358165
553.4775,1354.95758159
553.5323,1277.75838145
553.587,1192.45128132
553.6616,1067.73918115
553.7361,939.583080967
553.7908,846.644180836
553.8455,756.898780705
553.8729,713.64828064
553.9002,671.904460574
553.9276,631.493300509
553.9549,592.816170444
553.9823,555.673110378
554.0096,520.395200313
554.037,486.763100247
554.0643,455.041520182
554.0917,424.999580116
554.119,396.841750051
554.1463,370.426689986
554.1736,345.71347992
554.196,326.671529867
554.2184,308.708669813
554.2408,291.78916976
554.2631,275.943649706
554.2855,260.989859653
554.3079,246.959449599
554.3303,233.809639546
554.3526,221.550489492
554.375,210.028769439
554.3974,199.258279385
554.4198,189.196539331
554.4421,179.842359278
554.4645,171.071359225
554.4869,162.887639171
554.5093,155.253129117
554.5316,148.162169064
554.559,140.094838998
554.5863,132.708758933
554.6137,125.893538868
554.641,119.646628802
554.6684,113.873868737
554.6957,108.572698672
554.7231,103.663128606
554.7504,99.1434285406
554.7778,94.9460384751
554.8051,91.0704384097
554.8325,87.4597383442
554.8598,84.1146742789
554.8872,80.9874582133
554.9145,78.079988148
554.9419,75.3520570825
554.9692,72.8066160172
555.0041,69.7793399337
555.0389,66.9883668505
555.0737,64.4003567672
555.1085,61.994066684
555.1433,59.7509596007
555.1781,57.6548345175
555.2129,55.6914874342
555.2477,53.848462351
555.2825,52.1148172677
555.3173,50.4808771845
555.3521,48.9381041012
555.3869,47.478917018
555.4217,46.0965879347
555.4565,44.7850648515
555.5261,42.353504685
555.5808,40.6022135541
555.6355,38.9750514233
555.6902,37.4591732924
555.7449,36.0435181616
555.7996,34.7184200307
555.8543,33.4754648999
555.909,32.307211769
555.9637,31.2071266382
556.0184,30.1693845073
556.0731,29.1888163764
556.1278,28.2607992456
556.1825,27.3811801147
556.2372,26.5462279839
556.2919,25.752589853
556.3466,24.9972287222
556.4012,24.2786985916
556.4559,23.5919014607
556.5106,22.9360013299
556.5653,22.309035199
556.62,21.7093380682
556.6747,21.1355489373
556.7294,20.5866468065
556.7841,20.0620356756
556.8388,19.5616995448
556.8935,19.0863234139
556.9482,18.637511283
556.9756,18.4235012175
557.0029,18.2180701522
557.0303,18.0202950866
557.0576,17.8323350213
557.085,17.6536299558
557.1123,17.4864788905
557.1397,17.3307928249
557.167,17.1889907596
557.1944,17.0615276941
557.2217,16.9509806288
557.249,16.8587225635
557.2763,16.7868004982
557.2962,16.7484774506
557.3161,16.723088403
557.336,16.7116553554
557.3558,16.715153308
557.3701,16.7275312738
557.3844,16.7486442396
557.3987,16.7789442054
557.413,16.8188751712
557.4273,16.8689071369
557.4416,16.9294941027
557.4559,17.0011380685
557.4702,17.0843120343
557.4845,17.1795120001
557.4988,17.2872339659
557.5131,17.4079689317
557.5274,17.5422198975
557.5417,17.6904678633
557.556,17.8532198291
557.5703,18.0309497949
557.5846,18.2241087607
557.5989,18.4331637264
557.6132,18.6585616922
557.6275,18.900707658
557.6418,19.1600036238
557.6561,19.4368145896
557.6704,19.7314845554
557.699,20.375589487
557.7276,21.0943014186
557.7562,21.8889113502
557.7848,22.7598912817
557.8133,23.7033712136
557.8407,24.680211148
557.868,25.7192710827
557.8954,26.8249710172
557.9227,27.9850209519
557.9774,30.462600821
558.032,33.0922406904
558.0967,36.3129205356
558.1613,39.5067803811
558.2111,41.853760262
558.2608,44.0126601431
558.2881,45.0935300778
558.3154,46.0848900124
558.3428,46.9787699469
558.3701,47.7584798816
558.4,48.4747398101
558.4237,48.9336297534
558.4262,48.9762197474
558.433,49.0863397311
558.4398,49.1880397149
558.4535,49.3670196821
558.4671,49.5099896496
558.4782,49.600719623
558.4962,49.6977595799
558.5,49.7102695708
558.5134,49.7320995388
558.5346,49.6955594881
558.5566,49.5656694355
558.5786,49.3428793828
558.6027,48.9939193252
558.6247,48.5819492725
558.6467,48.0836992199
558.6688,47.4997891671
558.6908,46.8395091144
558.7269,45.5972390281
558.7629,44.1815489419
558.807,42.2430588365
558.851,40.1307587312
558.9231,36.4170385587
558.9952,32.5782283862
559.0473,29.8379382616
559.0734,28.4990281992
559.0994,27.196768137
559.1255,25.9269580745
559.1515,24.7042880123
559.1775,23.5279479501
559.2035,22.401287888
559.2296,21.3228078255
559.2556,20.3026057633
559.2816,19.3375457011
559.3076,18.4281156389
559.3337,17.5710075765
559.3597,16.7721515143
559.3857,16.0270324521
559.3987,15.674170421
559.4117,15.3341563899
559.4248,15.0042773586
559.4378,14.6893103275
559.4508,14.3864182964
559.4638,14.0953172653
559.4768,13.8157092342
559.4898,13.5472892031
559.5028,13.289743172
559.5158,13.0427511409
559.5289,12.8042031095
559.5419,12.5774090784
559.5549,12.3601810473
559.5679,12.1521850162
559.5809,11.9530879851
559.5939,11.762559954
559.6069,11.5802709229
559.6199,11.4058968918
559.635,11.2128638557
559.65,11.0307618198
559.665,10.857804784
559.68,10.6935267481
559.6951,10.536462712
559.7101,10.3882506761
559.7251,10.2473996402
559.7401,10.1134976043
559.7552,9.9853225682
559.7702,9.8641905323
559.7852,9.7488644964
559.8002,9.6389974605
559.8152,9.5342564246
559.8302,9.4343243888
559.8602,9.247691317
559.8903,9.076325245
559.9203,8.9193601732
559.9504,8.7739631012
559.9804,8.6395290295
560.0105,8.5137809574
560.0405,8.3963488857
560.0705,8.2857618139
560.1005,8.1811196422
560.1306,8.0813261701
560.1606,7.9863773984
560.1907,7.8950711264
560.2207,7.8075308546
560.2808,7.6409717108
560.3408,7.4843558673
560.4009,7.3352943235
560.4609,7.19294448
560.581,6.9237477927
560.7092,6.655075786
560.8373,6.4022589796
560.9655,6.1624837729
561.0936,5.9343954665
561.2538,5.6633275832
561.414,5.4061521
561.5742,5.1612975168
561.7344,4.9275200335
561.8946,4.7038201503
562.0548,4.4893762671
562.3751,4.0857310009
562.5994,3.8211313643
562.8237,3.5700846277
563.048,3.3316909912
563.2722,3.1053477548
563.4965,2.8903199183
563.7208,2.6863320817
563.9451,2.4931552451
564.1693,2.3108069088
564.3456,2.175019087
564.5218,2.0461079655
564.698,1.924147844
564.8742,1.8093329225
565.0504,1.701904601
565.2266,1.6021658795
565.3147,1.5552928688
565.4028,1.510486958
565.4909,1.4678066473
565.579,1.4273158365
565.6752,1.3856842064
565.7713,1.3468821765
565.8674,1.3109702466
565.9635,1.2780625167
566.0596,1.2482812868
566.1557,1.2217580569
566.2518,1.1986341271
566.3479,1.1790607972
566.4361,1.1643606862
566.5242,1.1529342754
566.6123,1.1449048647
566.7004,1.1404275539
566.7885,1.1396636432
566.8766,1.1427878724
566.9647,1.1499865817
567.0528,1.1614562009
567.1009,1.1695969658
567.1489,1.179088891
567.197,1.190008916
567.245,1.2023500111
567.2891,1.2149939356
567.3332,1.2289223701
567.4213,1.2607256694
567.5094,1.2980639786
567.5975,1.3412345079
567.6416,1.3651344024
567.6856,1.3905568971
567.7297,1.4176611916
567.7737,1.4463693864
567.8178,1.4768571809
567.8618,1.5090353756
567.9059,1.5430990701
567.9499,1.5789450649
567.994,1.6167880594
568.038,1.6565133541
568.0821,1.6983561486
568.1261,1.7421857434
568.1702,1.7882629379
568.2142,1.8364412326
568.2583,1.8870047271
568.3023,1.9397902219
568.3464,1.9951102164
568.3904,2.0527845111
568.4345,2.1131505056
568.4785,2.1760127004
568.5226,2.2417361949
568.5666,2.3101087896
568.6107,2.3815256841
568.6547,2.4557547789
568.6988,2.5332257734
568.7428,2.6136847681
568.7869,2.6975969626
568.8309,2.7846868573
568.875,2.8754597519
568.919,2.9696146466
568.9631,3.0676965411
569.0071,3.1693834358
569.0512,3.2752633303
569.0952,3.3849872251
569.1393,3.4991901196
569.1833,3.6174950143
569.2274,3.7405889088
569.2714,3.8680658036
569.3155,4.0006656981
569.3595,4.1379535928
569.4036,4.2807254873
569.4476,4.4285163821
569.5357,4.7412281713
569.6238,5.0776889606
569.7119,5.4396427498
569.8,5.8289795391
569.8881,6.2477643283
569.9762,6.6982531176
570.0643,7.1829039068
570.1525,7.7050236958
570.2406,8.2663844851
570.3287,8.8707922743
570.4168,9.5218050636
570.5049,10.2233408528
570.593,10.9797156421
570.6811,11.7956994313
570.7692,12.6765662206
570.8573,13.6281650098
570.9454,14.6569877991
571.0335,15.7702705883
571.1216,16.9760593776
571.2097,18.2833761668
571.2978,19.7023169561
571.3859,21.2442107453
571.474,22.9218345345
571.5621,24.7496033238
571.6502,26.743828113
571.7383,28.9230539023
571.8264,31.3084016915
571.8705,32.587264586
571.9145,33.9240114808
571.9586,35.3282893753
572.0026,36.79757827
572.0467,38.3426641645
572.0907,39.9609840593
572.1348,41.6646589538
572.1788,43.4510978485
572.2229,45.333969743
572.2669,47.3107096378
572.311,49.3967835323
572.355,51.589717427
572.3991,53.9070723215
572.4431,56.3465662163
572.4872,58.9282551108
572.5312,61.6501390055
572.5753,64.5352129
572.6193,67.5819617948
572.6634,70.8168946893
572.7074,74.239175584
572.7515,77.8795854785
572.7955,81.7382453733
572.8396,85.8511052678
572.8836,90.2196651625
572.9217,94.2334850714
572.9597,98.4668449805
572.9978,102.959344889
573.0358,107.706244798
573.0739,112.753174707
573.1119,118.096244616
573.15,123.788554525
573.188,129.827354434
573.2261,136.274424343
573.2641,143.128984252
573.3022,150.463424161
573.3402,158.27929407
573.3783,166.661663979
573.4163,175.615143888
573.4544,185.240533797
573.4924,195.545993706
573.5365,208.474543601
573.5805,222.517703495
573.6246,237.86329339
573.6686,254.579323285
573.7127,272.894483179
573.7567,292.893263074
573.8008,314.851132968
573.8448,338.868992863
573.8889,365.273882758
573.9329,394.179272652
573.977,425.965512547
574.021,460.749662442
574.0651,498.962102336
574.1091,540.707012231
574.1532,586.453762125
574.1972,636.26830202
574.2413,690.638061915
574.2853,749.554751809
574.3294,813.492341704
574.3734,882.322351599
574.4175,956.463141493
574.4615,1035.61357139
574.5056,1120.08585128
574.5496,1209.35461118
574.5937,1303.57203107
574.6377,1401.94383097
574.6818,1504.42003086
574.7258,1609.91013076
574.902,2047.76513033
574.9901,2260.77853012
575.0342,2361.53053002
575.0782,2456.36582991
575.1223,2544.39222981
575.1663,2623.9455297
575.2104,2694.2046296
575.2544,2753.79522949
575.2908,2794.5074294
575.3272,2826.99262932
575.3636,2850.92182923
575.4,2866.06542914
575.4292,2871.77352907
575.4767,2868.77862896
575.5241,2850.80522885
575.5716,2818.25412873
575.619,2772.01162862
575.6665,2712.88502851
575.7139,2642.33302839
575.7613,2561.62482828
575.8087,2472.25782817
575.8944,2293.79252796
575.9801,2101.55032776
576.0658,1904.35882755
576.1515,1709.86702735
576.195,1614.18872724
576.2385,1521.42072714
576.282,1432.06978703
576.3254,1346.72204693
576.3689,1265.27227683
576.4123,1188.28210672
576.4558,1115.49945662
576.4992,1047.28638651
576.5427,983.287216409
576.5861,923.702516305
576.6296,868.120076201
576.673,816.624766098
576.7165,768.783255994
576.7599,724.60427589
576.8034,683.662555786
576.8468,645.922195682
576.8844,615.562525592
576.9219,587.296295502
576.9595,560.835465412
576.997,536.189795323
577.0346,513.102125233
577.0721,491.576925143
577.1096,471.439605053
577.1471,452.586064963
577.1847,434.873654874
577.2222,418.306294784
577.2598,402.711834694
577.2973,388.095934604
577.3349,374.309594514
577.3724,361.360594424
577.4099,349.151454335
577.4474,337.627194245
577.4909,325.050954141
577.5344,313.257434037
577.5779,302.182063933
577.6213,291.789823829
577.6648,281.980083725
577.7082,272.750633621
577.7517,264.015953517
577.7951,255.777123413
577.8386,247.960873309
577.882,240.570963205
577.9255,233.544223101
577.9689,226.886262998
578.0558,214.51862879
578.1427,203.297313582
578.2376,192.184345355
578.3324,182.121242128
578.4272,172.964634901
578.522,164.603940674
578.6168,156.945095448
578.7116,149.908152221
578.8064,143.424012994
578.9012,137.433306767
578.9882,132.325642559
579.0751,127.560689351
579.162,123.101703143
579.2489,118.921697936
579.3358,114.996581728
579.4227,111.30493352
579.5096,107.827576312
579.5965,104.547461104
579.6835,101.445681896
579.7704,98.515418688
579.8573,95.7404644801
579.9442,93.1094352722
580.0311,90.6119900643
580.118,88.2387278564
580.2918,83.8311584407
580.4657,79.8243670247
580.6395,76.1724526089
580.8134,72.8285221929
580.9872,69.7601617771
581.1611,66.9329163611
581.3349,64.3234829454
581.5087,61.9073555296
581.6825,59.6647451138
581.809,58.1316338112
581.9354,56.6764195089
582.0618,55.2924092065
582.1882,53.9745779041
582.3621,52.2612824881
582.5359,50.6546820724
582.7097,49.1443056566
582.8835,47.7219342408
583.0574,46.3795758248
583.2312,45.1123414091
583.405,43.9136559933
583.5788,42.7782565775
583.7527,41.7007541615
583.9265,40.6780629458
584.1003,39.70558753
584.2741,38.7797468143
584.448,37.8967989982
584.6218,37.0547726825
584.9694,35.481330751
585.3171,34.0394097192
585.6648,32.7133854874
586.0125,31.4896036557
586.3601,30.3567328241
586.7078,29.3041150924
587.0554,28.3237420608
587.4031,27.4075869291
587.7507,26.5497882975
588.051,25.8513326792
588.3512,25.189360961
588.6515,24.5602030427
588.9517,23.9610340245
589.252,23.3888333061
589.5522,22.842071088
589.8525,22.3186998696
590.1527,21.8174426515
590.453,21.3363886331
590.7532,20.874378415
591.3537,20.0015943785
591.9542,19.189549342
592.5547,18.4301200055
593.1869,17.6798089931
593.819,16.973171181
594.4511,16.3039464689
595.0832,15.6667225568
595.7153,15.0566293447
596.3474,14.4692394326
596.9795,13.9004208205
597.6116,13.3462334084
598.1173,12.9108207987
598.623,12.4803302889
599.1287,12.0527382792
599.6344,11.6259440695
600.1401,11.1977195597
600.393,10.9822401547
600.6458,10.76548895
600.8987,10.546923845
601.1515,10.3263330403
601.4043,10.1031957355
601.6571,9.8770599308
601.8468,9.705097777
602.0364,9.5310275234
602.2261,9.3544219696
602.4157,9.175205916
602.6054,8.9929102622
602.795,8.8074246087
602.9846,8.6183252551
603.1742,8.4252456016
603.3481,8.2443151856
603.5219,8.0594771698
603.6957,7.870285054
603.8695,7.6763770383
604.0434,7.4772658223
604.2172,7.2728027065
604.3041,7.1684042986
604.391,7.0625001908
604.4779,6.9550477829
604.5648,6.846007475
604.6992,6.6741577535
604.8335,6.4984660322
604.9678,6.3187751109
605.035,6.2273788502
605.1021,6.1351567897
605.1693,6.0418663289
605.2365,5.9476923681
605.3037,5.8527033074
605.3708,5.7571298469
605.438,5.6608066861
605.5051,5.5641758256
605.5723,5.4671507649
605.6394,5.3702856043
605.7264,5.2452935962
605.8133,5.1220973883
605.8568,5.0614852843
605.9002,5.0020241804
605.9437,4.9437410764
605.9871,4.8872759726
606.0306,4.8328258685
606.0741,4.7811037644
606.1176,4.7328416604
606.161,4.6890675566
606.2045,4.6507744525
606.2479,4.6196703487
606.2914,4.5976032446
606.3348,4.5872411408
606.3665,4.588907065
606.3981,4.6001029894
606.4297,4.6227499138
606.4613,4.6591768382
606.4929,4.7121787626
606.5245,4.785111687
606.5561,4.8819856114
606.5877,5.0075815358
606.6193,5.1675804602
606.6351,5.2625364224
606.6509,5.3687003846
606.6667,5.4871023468
606.6825,5.618853309
606.6983,5.7651572712
606.7141,5.9273142334
606.7299,6.1067261956
606.7457,6.3049041578
606.7615,6.5234721201
606.7773,6.7641780823
606.7931,7.0288950445
606.8089,7.3196280067
606.8247,7.6385229689
606.8405,7.9878729311
606.8504,8.2233729074
606.8603,8.4724178837
606.8702,8.73566486
606.88,9.0109108366
606.8899,9.3044738129
606.8998,9.6143577892
606.9097,9.9413227655
606.9195,10.2825817421
606.9294,10.6459087184
606.9393,11.0287556947
606.9492,11.431994671
606.959,11.8521276476
606.9689,12.2986486239
606.9788,12.7683376002
606.9887,13.2621805765
606.9985,13.7758185531
607.0084,14.3207715294
607.0183,14.8929975057
607.0282,15.4935974821
607.038,16.1171864586
607.0479,16.7776364349
607.0578,17.4699194112
607.0677,18.1952463876
607.0775,18.9470123641
607.0874,19.7418093404
607.0973,20.5734313168
607.1072,21.4431902931
607.117,22.3430532696
607.1269,23.2926932459
607.1368,24.2845532223
607.1467,25.3200131986
607.1565,26.3893531751
607.1674,27.6322331491
607.1783,28.933353123
607.1892,30.2946430969
607.2,31.7047730711
607.2109,33.191773045
607.2218,34.7449130189
607.2327,36.3661529929
607.2435,38.041692967
607.2544,39.8045029409
607.2653,41.6414029149
607.2762,43.5543628888
607.287,45.526712863
607.2979,47.5969228369
607.3087,49.728842811
607.3304,54.2626927591
607.3423,56.8950127307
607.3541,59.6102027024
607.366,62.456432674
607.3778,65.3879226457
607.3996,71.0960925936
607.4213,77.1640825417
607.443,83.6266524898
607.4647,90.4915724379
607.4865,97.7990923857
607.5082,105.485812334
607.5299,113.585532282
607.5516,122.09684223
607.5793,133.552532164
607.6069,145.611002098
607.6346,158.335262031
607.6622,171.600271965
607.684,182.464161913
607.7057,193.590231861
607.7491,216.659371757
607.7926,240.643751654
607.836,265.10885155
607.9229,314.166551342
607.9664,337.897051238
608.0098,360.413451134
608.0414,375.813951058
608.073,390.180050983
608.1165,407.958650879
608.1599,423.030550775
608.2034,435.119550671
608.2259,440.092650617
608.2483,444.135650563
608.2742,447.649350501
608.3,449.88695044
608.3044,450.141550429
608.3184,450.704050396
608.3324,450.889750362
608.3604,450.132550295
608.3886,447.863050228
608.4168,444.11195016
608.446,438.71565009
608.4752,431.847850021
608.5044,423.591649951
608.5335,414.078849881
608.5733,399.188749786
608.6131,382.406249691
608.6423,369.079549621
608.6715,355.045749551
608.7299,325.402649411
608.8466,263.560639132
608.9023,234.585368999
608.9302,220.517198932
608.958,206.887978866
608.9859,193.658258799
609.0137,180.971738732
609.0416,168.777108666
609.0694,157.192878599
609.0986,145.658938529
609.1278,134.790528459
609.157,124.59543839
609.1861,115.10480832
609.2007,110.592918285
609.2153,106.24597825
609.2299,102.062068215
609.2445,98.0389381802
609.2591,94.1740681453
609.2737,90.4646281104
609.2883,86.9075180755
609.3028,83.5223180408
609.3241,78.8089479898
609.3453,74.4139879391
609.3665,70.3027178884
609.3877,66.4627578377
609.409,62.8651577867
609.4302,59.530817736
609.4514,56.4293576853
609.4726,53.5479076346
609.4939,50.8616075836
609.5151,48.3831075329
609.5363,46.0871424822
609.5575,43.9618124315
609.5787,41.9956453808
609.5999,40.1776193301
609.6211,38.4971822793
609.6423,36.9442422286
609.6569,35.9439091937
609.6715,34.9965191588
609.6861,34.0992101238
609.7007,33.2492510889
609.7153,32.443997054
609.7299,31.6809440191
609.7445,30.9576859841
609.7591,30.2719319492
609.7737,29.6215189143
609.7883,29.0043648794
609.8029,28.4185148444
609.8175,27.8621028095
609.8321,27.3333637746
609.8467,26.8306217397
609.8613,26.3523187047
609.8758,25.90000267
609.8904,25.4660406351
609.905,25.0523016002
609.9342,24.2806405303
609.9634,23.5759324605
609.9925,22.9323393909
610.0217,22.338425321
610.0509,21.7903852512
610.0801,21.2828501813
610.1092,20.8127071117
610.149,20.2200960165
610.1888,19.6778629213
610.2286,19.1787798261
610.2684,18.7168957309
610.3082,18.2872706357
610.348,17.8858245405
610.3878,17.5091594452
610.4275,17.1553043503
610.4673,16.8200882551
610.5071,16.5024291599
610.5469,16.2005960646
610.5866,15.9138259697
610.6264,15.6394008745
610.6662,15.3769427793
610.7457,14.8848035891
610.8041,14.5475064494
610.8625,14.2283433097
610.9209,13.92552217
610.9792,13.6379740305
611.0376,13.3633558908
611.0959,13.1014307513
611.1543,12.8502554116
611.2126,12.6097441722
611.3294,12.1554748928
611.4461,11.7337374136
611.5628,11.3395203344
611.6795,10.9690391552
611.8175,10.5572545251
611.9554,10.1701892952
612.0933,9.8039625653
612.2312,9.4556093355
612.3691,9.1226491056
612.507,8.8029953757
612.6449,8.4948801458
612.7828,8.1967977159
612.8996,7.9512121365
613.0163,7.7114200574
613.133,7.4766103782
613.2497,7.246258099
613.3664,7.0199027199
613.4831,6.7971433407
613.5998,6.5776353615
613.7165,6.3610870824
613.8333,6.147079703
613.95,5.9357926238
614.0667,5.7269088446
614.1834,5.5203511655
614.3001,5.3161044863
614.4168,5.1142150071
614.5335,4.9148068279
614.6502,4.7180854488
614.7988,4.4719678933
614.9473,4.2317665381
615.0958,3.9985851828
615.2443,3.7741678276
615.3929,3.5607204721
615.4672,3.4591102944
615.5414,3.3616551169
615.6157,3.2686479391
615.6899,3.1809727616
615.7642,3.0991285839
615.8384,3.0241854064
615.918,2.9524502159
615.9976,2.8910630255
616.0772,2.8416818351
616.117,2.8220897399
616.1567,2.8062908449
616.1965,2.7945050497
616.2363,2.7871046545
616.2761,2.7844452593
616.3159,2.7869142641
616.3557,2.7949388689
616.3955,2.8089813737
616.4353,2.8295531785
616.475,2.8571328835
616.5281,2.9061175565
616.5547,2.9363166928
616.5812,2.9704535294
616.6078,3.0090288658
616.6343,3.0520091024
616.6608,3.099806939
616.6873,3.1527156756
616.7139,3.211281212
616.7404,3.2754089486
616.7669,3.3456693852
616.7934,3.4224625218
616.82,3.5065370582
616.8465,3.5977275948
616.873,3.6968287314
616.8995,3.804384968
616.9194,3.8910604204
616.9393,3.9830974728
616.9592,4.0807808252
616.9791,4.1844123776
616.999,4.29431533
617.0189,4.4108403824
617.0388,4.5343531348
617.0587,4.6652544872
617.0786,4.8039684396
617.0985,4.950951392
617.1184,5.1066993444
617.1383,5.2717402967
617.1582,5.4466432491
617.1781,5.6320242015
617.198,5.8285491539
617.2178,6.0358571066
617.2324,6.1966870716
617.247,6.3646440367
617.2616,6.5400800018
617.2762,6.7233609669
617.2908,6.9148819319
617.3054,7.115059897
617.32,7.3243378621
617.3345,7.5416548274
617.3491,7.7705067925
617.3637,8.0099597576
617.3783,8.2605827226
617.3929,8.5229776877
617.4075,8.7977886528
617.4221,9.0856986178
617.4367,9.3874375829
617.4512,9.7015635482
617.4658,10.0332295133
617.4804,10.3812014784
617.495,10.7464184435
617.5096,11.1298764085
617.5242,11.5326433736
617.5388,11.9558503387
617.5534,12.4007053038
617.5679,12.8652082691
617.5825,13.3571252341
617.5971,13.8747911992
617.6117,14.4197521643
617.6263,14.9936571294
617.6409,15.5982550944
617.6555,16.2354100595
617.6701,16.9070980246
617.6846,17.6104379899
617.6992,18.357339955
617.7138,19.14546192
617.7284,19.9772898851
617.743,20.8554868502
617.7576,21.7828468153
617.7722,22.7623667803
617.7868,23.7971667454
617.8013,24.8828767107
617.8159,26.0379446758
617.8305,27.2588076409
617.8451,28.5493176059
617.8597,29.913597571
617.8743,31.3559475361
617.8889,32.8808875012
617.9035,34.4931774662
617.918,36.1857874316
617.9326,37.9872473966
617.9472,39.8916673617
617.9618,41.9047373268
617.9764,44.0323972919
617.991,46.2808472569
618.0056,48.656547222
618.0202,51.1661971871
618.0347,53.7980971524
618.0493,56.5957071175
618.0639,59.5488370825
618.0785,62.6651970476
618.0931,65.9527170127
618.1077,69.4195969778
618.1223,73.0742269428
618.1369,76.9252469079
618.1514,80.9529968732
618.166,85.2219968383
618.1806,89.7143868034
618.1952,94.4395267684
618.2098,99.4069367335
618.2244,104.626226699
618.239,110.107106664
618.2536,115.859386629
618.2681,121.850566594
618.2827,128.173076559
618.2973,134.796386524
618.3119,141.730266489
618.3265,148.984246454
618.3411,156.568056419
618.3557,164.490876384
618.3703,172.76184635
618.3848,181.329466315
618.3994,190.32048628
618.414,199.685086245
618.4432,219.565376175
618.4724,241.026316105
618.5015,264.031996036
618.5307,288.775545966
618.5599,315.202425896
618.5891,343.319185826
618.6182,373.011065756
618.6395,395.786095706
618.6607,419.309435655
618.7031,468.815895553
618.7456,521.500325452
618.788,576.74882535
618.8464,656.354125211
618.9047,738.449125071
618.9631,821.424824931
619.0214,902.832224792
619.0798,980.592124652
619.109,1017.28922458
619.1381,1052.01112451
619.1672,1084.59502444
619.1963,1114.76142437
619.2254,1142.2477243
619.2544,1166.73262423
619.2856,1189.58752416
619.3168,1208.60082409
619.348,1223.58092401
619.3792,1234.38042394
619.4,1239.20592389
619.4105,1240.91392386
619.4443,1243.07442378
619.4781,1240.1553237
619.5119,1232.22852362
619.5457,1219.43182354
619.5822,1200.37472345
619.6186,1176.27542336
619.655,1147.48312328
619.6914,1114.45242319
619.7296,1075.7790231
619.7677,1033.72492301
619.8059,988.713622915
619.844,941.632522824
619.9204,843.213822641
619.9967,743.591722459
620.0418,685.816322351
620.0869,629.773872243
620.132,576.060232135
620.177,525.255342028
620.2152,484.574841936
620.2534,446.297931845
620.2916,410.513461753
620.3107,393.569711708
620.3297,377.343631662
620.3488,361.662151617
620.3679,346.607831571
620.387,332.174021525
620.406,318.42265148
620.4251,305.198711434
620.4442,292.563861388
620.4633,280.504861343
620.4823,269.065641297
620.5014,258.110101252
620.5205,247.683451206
620.5396,237.76843116
620.5586,228.395251115
620.5777,219.447071069
620.5968,210.956291023
620.6159,202.904180978
620.6349,195.310980932
620.654,188.078470886
620.6731,181.229190841
620.6922,174.745170795
620.7112,168.63974075
620.7303,162.831490704
620.7494,157.336420658
620.7685,152.137950613
620.7875,147.245390567
620.8188,139.751380492
620.85,132.927040418
620.8812,126.687850343
620.9124,120.978610268
620.9437,115.732510194
620.9749,110.936320119
621.0061,106.529986044
621.0373,102.47486997
621.0686,98.7245068947
621.0998,95.2712458201
621.131,92.0742667454
621.1622,89.1081676708
621.1934,86.3501905962
621.2246,83.7800545215
621.2558,81.3796464469
621.287,79.1328453722
621.3252,76.5702662809
621.3634,74.1934001895
621.4016,71.9821790981
621.4397,69.924440007
621.4779,67.9942879156
621.516,66.1887458244
621.5542,64.4868927331
621.5923,62.8876606419
621.6305,61.3738445505
621.6686,59.9456914594
621.7068,58.588841368
621.7449,57.3043672769
621.7831,56.0801341855
621.8212,54.9177510943
621.8975,52.7491969118
621.9461,51.4677767956
621.9947,50.2562136793
622.0433,49.108774563
622.0918,48.022532447
622.1404,46.9884513308
622.1889,46.0067222147
622.2375,45.0695900985
622.286,44.1776139824
622.3832,42.5081787499
622.4803,40.9808725176
622.5774,39.5764322854
622.6745,38.2801760531
622.7509,37.3281178703
622.8272,36.4311886878
622.9035,35.5834785053
622.9798,34.7808703228
623.0561,34.0196801402
623.1324,33.2966119577
623.2087,32.6086937752
623.285,31.9532685927
623.3613,31.3278994101
623.4376,30.7303992276
623.5139,30.1587660451
623.5902,29.6111788626
623.7428,28.5815714975
623.8954,27.6297791325
624.0481,26.7451757672
624.2007,25.9202642021
624.3533,25.1469185371
624.4296,24.7775070546
624.5059,24.418616972
624.5822,24.0696019895
624.6585,23.729941507
624.7348,23.3993084245
624.8111,23.077655042
624.8874,22.7654366594
624.9256,22.613010668
624.9637,22.4638922769
625.0019,22.3176327855
625.04,22.1754468944
625.0782,22.037208103
625.1163,21.9043799119
625.1441,21.8111691453
625.1718,21.7218882791
625.1996,21.6364124126
625.2273,21.5559105463
625.2655,21.4538008549
625.2846,21.4071628092
625.3037,21.3638367636
625.3228,21.3241327179
625.3419,21.2883936722
625.361,21.2569506265
625.38,21.230319581
625.3991,21.2086355353
625.4182,21.1924624896
625.4373,21.182267444
625.4563,21.1785383985
625.4754,21.1817313528
625.4945,21.1924253071
625.5136,21.2111782614
625.5326,21.238388216
625.5517,21.2749631703
625.5708,21.3213821246
625.5899,21.3782960789
625.6089,21.4459690335
625.628,21.5257559878
625.6471,21.6180239421
625.6662,21.7234368964
625.6852,21.8419998509
625.7043,21.9756408052
625.7234,22.1244187595
625.7425,22.2889707139
625.7615,22.4689356684
625.7806,22.6667876227
625.7997,22.882180577
625.8188,23.1156175313
625.8378,23.3662104859
625.8569,23.6369814402
625.876,23.9270103945
625.8951,24.2365793488
625.9142,24.5658593031
625.9333,24.9149562574
625.9524,25.2839052117
625.9715,25.672583166
625.9905,26.0786341206
626.0287,26.9521990292
626.0668,27.8961379381
626.105,28.9095178467
626.1431,29.9790277555
626.2333,32.6827875398
626.3235,35.478547324
626.379,37.1484771912
626.4068,37.9482171247
626.4345,38.7109970585
626.4727,39.6938669671
626.5108,40.5781168759
626.5559,41.477936768
626.5941,42.0982666767
626.6253,42.498996602
626.6443,42.6937465566
626.6495,42.7403565441
626.6625,42.844126513
626.6721,42.9089564901
626.6851,42.980546459
626.7,43.0395164233
626.7187,43.0783263786
626.7402,43.0742863272
626.7629,43.0134862729
626.7857,42.8943462183
626.8167,42.6404461442
626.8394,42.3889660898
626.862,42.0853860358
626.8868,41.6935259765
626.9116,41.2432259171
626.957,40.2793658085
627.0024,39.1563256999
627.0375,38.196405616
627.0726,37.171485532
627.1428,34.9825053641
627.2501,31.4899651074
627.3038,29.7699949789
627.3306,28.9347749148
627.3574,28.1199818507
627.3802,27.4452767962
627.4029,26.7921767418
627.4256,26.1591256875
627.4483,25.5472836332
627.471,24.9576075789
627.4937,24.3908335246
627.5164,23.8474674703
627.5391,23.327839416
627.5618,22.8320763617
627.5845,22.3601383074
627.6072,21.9118232531
627.6299,21.4867921988
627.6526,21.0845741445
627.6753,20.7046130902
627.698,20.3462290359
627.7207,20.0086759816
627.7393,19.7470479371
627.7579,19.4983978926
627.7765,19.2622098481
627.7951,19.0380108036
627.8137,18.8252657591
627.8323,18.6234617146
627.8509,18.4320776701
627.8694,18.2515356259
627.888,18.0793895814
627.9066,17.9161165369
627.9252,17.7612194924
627.9437,17.6149994482
627.9623,17.4753724037
627.9809,17.3427193592
627.9995,17.2165783147
628.018,17.0971712704
628.0366,16.9827762259
628.0552,16.8736781814
628.0738,16.7695031369
628.0923,16.6704107927
628.1295,16.4835341037
628.1666,16.3115946149
628.2038,16.1514944259
628.2409,16.0022124372
628.2781,15.8612793482
628.3152,15.7280438595
628.3607,15.5728469506
628.4061,15.425283442
628.4515,15.2834861334
628.4969,15.1462239248
628.5424,15.012238716
628.5878,14.8813066073
628.6332,14.7525111987
628.6786,14.6253286901
628.7241,14.4990773813
628.7695,14.3739743727
628.8149,14.2494998641
628.8603,14.1254445555
628.9057,14.0016633469
628.9511,13.8780770383
628.9965,13.7546693297
629.0419,13.6315083211
629.0832,13.5198351223
629.1245,13.4087228235
629.1658,13.2985512247
629.2071,13.1898277259
629.2484,13.0833018271
629.2897,12.9799882283
629.331,12.8812711295
629.3722,12.789228031
629.4135,12.7058709322
629.4342,12.6684088827
629.4548,12.6346108335
629.4755,12.604714784
629.4961,12.5796057347
629.5167,12.5598366855
629.5373,12.5461786363
629.558,12.5394935868
629.5786,12.5408395376
629.5993,12.5513074881
629.6199,12.5720414389
629.6406,12.6045873895
629.6612,12.6501283403
629.6818,12.7104372912
629.7024,12.7873252421
629.7252,12.8941441877
629.7479,13.0260171336
629.7706,13.1865610796
629.782,13.2790970524
629.7933,13.3792900255
629.8047,13.4894119984
629.816,13.6080269716
629.8274,13.7377879445
629.8387,13.8769519176
629.8501,14.0285708906
629.8614,14.1905708638
629.8728,14.3664348367
629.8841,14.5537348099
629.8955,14.756429783
629.9068,14.9716597562
629.9182,15.2039497292
629.9295,15.4499377025
629.9409,15.7147436756
629.9522,15.994489649
629.9636,16.2949226221
629.9749,16.6115955955
629.9863,16.9509535687
629.9976,17.3078745421
630.009,17.6895855153
630.0203,18.0902604889
630.0317,18.5179214622
630.043,18.9659724357
630.0544,19.4433114091
630.0657,19.9424983828
630.0854,20.8776263369
630.105,21.8942082914
630.1246,23.0018982461
630.1442,24.2058582009
630.1638,25.5112781559
630.1834,26.923318111
630.203,28.4470180664
630.2226,30.0873780219
630.2422,31.8491579777
630.2618,33.7369779337
630.2814,35.7551478899
630.301,37.9076778464
630.3206,40.1982278032
630.3402,42.6299877603
630.3598,45.2056777177
630.3794,47.9274676755
630.4021,51.264387627
630.4248,54.800647579
630.4475,58.5362775315
630.4702,62.4698174847
630.4929,66.5983074384
630.5156,70.9171673927
630.5383,75.4200973477
630.561,80.0990173034
630.5838,84.9657372596
630.6065,89.9657472168
630.6519,100.372237133
630.6973,111.208197054
630.7427,122.314166977
630.7923,134.537866898
630.8418,146.570026824
630.8955,159.099926749
630.8996,160.023876743
630.911,162.563526728
630.9223,165.035436713
630.945,169.850316685
630.982,177.20487664
631.0159,183.321376601
631.0498,188.758376565
631.0837,193.441846531
631.1161,197.154736501
631.133,198.779386486
631.15,200.190286471
631.1802,202.130676446
631.2,203.002096431
631.2057,203.193396427
631.2242,203.630086414
631.2427,203.784366401
631.2809,203.212296376
631.3197,201.422296353
631.3584,198.467656333
631.3866,195.616696319
631.4148,192.213326307
631.4537,186.682216291
631.4925,180.301466277
631.5313,173.181176265
631.57,165.473306254
631.6088,157.273436244
631.6476,148.737016235
631.7252,131.181166221
631.764,122.406606215
631.8028,113.78021621
631.8416,105.395656205
631.8803,97.3527462008
631.9103,91.3794461977
631.9403,85.6612661949
631.9703,80.2170561923
632.0002,75.0774461898
632.0302,70.2172761875
632.0601,65.6738761853
632.0751,63.5080461842
632.0901,61.4178161832
632.1051,59.4027661822
632.12,57.4749861812
632.1394,55.0739361799
632.1588,52.7941761787
632.1782,50.6331461775
632.1976,48.5879661763
632.217,46.6554161751
632.2364,44.832026174
632.2558,43.1141061729
632.2752,41.4977561717
632.2946,39.9789881706
632.314,38.5536651695
632.3334,37.2176221685
632.3528,35.9666361674
632.3722,34.7965061663
632.3916,33.7030401653
632.411,32.6821021642
632.4303,31.7343591632
632.4427,31.1593701625
632.455,30.6140451618
632.4674,30.0885201612
632.4797,29.5903251605
632.4921,29.1104091599
632.5044,28.6555801592
632.5168,28.2175351585
632.5291,27.8024891579
632.5415,27.4028321572
632.5538,27.0241801566
632.5662,26.6595731559
632.5785,26.3141211553
632.5909,25.9814441546
632.6032,25.666207154
632.6155,25.3649641533
632.6278,25.0770411527
632.6402,24.799626152
632.6525,24.5365611514
632.6649,24.2829811507
632.6772,24.0423791501
632.7019,23.5900001488
632.7265,23.1769031475
632.7512,22.7959631462
632.7759,22.4455131449
632.8006,22.1224341436
632.8252,21.8250721423
632.8446,21.6060981413
632.864,21.3995991403
632.8834,21.2045361393
632.9028,21.0199711382
632.9222,20.8450531372
632.9416,20.6789851362
632.9804,20.3706001342
633.0192,20.0897781321
633.058,19.8323692301
633.0968,19.5949286281
633.1355,19.3751459261
633.1743,19.169552824
633.2131,18.976793622
633.2519,18.79526192
633.2906,18.6240660179
633.3294,18.4612098159
633.3682,18.3062202139
633.407,18.1583041118
633.4457,18.0171569098
633.5057,17.8096592067
633.5656,17.6147264035
633.6256,17.4302917004
633.6855,17.2558223973
633.7455,17.0897390941
633.8054,16.931769091
633.8653,16.7809385879
633.9252,16.6366185847
634.0451,16.3651824784
634.165,16.1141047722
634.2849,15.8804851659
634.4047,15.6621782596
634.4894,15.5159066552
634.574,15.3758279508
634.6586,15.2412641464
634.7432,15.1117566419
634.9125,14.8662815331
635.0817,14.6370143242
635.251,14.4214904154
635.4202,14.2181937065
635.5895,14.0253898977
635.7587,13.8420497888
635.928,13.66690808
636.0972,13.4992911711
636.2665,13.3382301623
636.4357,13.1832824534
636.605,13.0337045445
636.7742,12.8891889357
637.1126,12.613432818
637.4511,12.3529779002
637.7896,12.1056563825
638.1281,11.8695533648
638.4665,11.6430839471
638.7204,11.4786047339
638.9743,11.3183163206
639.482,11.008890794
639.9898,10.7120684674
640.4975,10.4257650408
641.0053,10.1480086143
641.513,9.8773661877
642.0207,9.6124453612
642.5284,9.3520738346
643.149,9.0384638021
643.7695,8.7284245696
644.3901,8.4202845372
645.0106,8.1126756047
645.6312,7.8040916723
646.2517,7.4932535398
646.8723,7.1786832073
647.4928,6.8590829748
647.9724,6.6076610497
648.4519,6.3517063247
648.9314,6.0904491996
649.4109,5.8231667745
649.8905,5.5490980494
650.1303,5.4093086368
650.37,5.2675934243
650.6098,5.1237133117
650.8495,4.9776800992
651.0893,4.8292795867
651.329,4.6785589741
651.6393,4.4797896579
651.9496,4.2767673417
652.2599,4.0693944254
652.5701,3.8577061092
652.8804,3.641633493
653.0356,3.5320007848
653.1907,3.4214540767
653.3459,3.3099092686
653.501,3.1975891605
653.6561,3.0845206523
653.8112,2.9708331442
654.0228,2.8150227332
654.2343,2.6589551221
654.4459,2.503184511
654.6574,2.3487924
654.869,2.1968787889
654.9748,2.1223751834
655.0805,2.0492361779
655.1863,1.9776147723
655.2921,1.9079173668
655.3979,1.8405326612
655.5036,1.7759691557
655.6235,1.7067303494
655.7434,1.6426003432
655.8633,1.5846382369
655.9831,1.5341465306
656.0431,1.5121083275
656.103,1.4925517243
656.163,1.4756485212
656.2229,1.4617152181
656.2829,1.4509907149
656.3428,1.4438256118
656.4027,1.4405458087
656.4626,1.4415307055
656.5402,1.4498428015
656.6178,1.4670554974
656.6566,1.4793600954
656.6954,1.4943442933
656.7342,1.5121824913
656.773,1.5330601893
656.8118,1.5571792872
656.8506,1.5847556852
656.8894,1.6160190832
656.9282,1.6512192812
656.967,1.6906262791
657.0058,1.7345286771
657.0446,1.7832385751
657.0833,1.836950173
657.1398,1.9253155701
657.168,1.9741771686
657.1962,2.0264283671
657.2244,2.0822485657
657.2526,2.1418291642
657.2808,2.2053732627
657.309,2.2730968612
657.3372,2.3452300598
657.3654,2.4220194583
657.3936,2.5037262568
657.4218,2.5906320553
657.45,2.6830342539
657.4782,2.7812562524
657.5064,2.8856420509
657.5346,2.9965619494
657.5734,3.1605804474
657.6122,3.3388548454
657.651,3.5326308433
657.6897,3.7427308413
657.7091,3.8548558403
657.7285,3.9717998393
657.7479,4.0937838383
657.7673,4.2210418373
657.7867,4.3538308362
657.8061,4.4924168352
657.8255,4.6370808342
657.8448,4.7873288332
657.8642,4.9450348322
657.8836,5.1097828312
657.903,5.2819358302
657.9224,5.4618808291
657.9418,5.6500348281
657.9612,5.8468428271
657.9806,6.0527828261
658.0,6.2683638251
658.0194,6.4941338241
658.0388,6.7306838231
658.0582,6.978645822
658.0776,7.238700821
658.097,7.51158282
658.1164,7.798082819
658.1358,8.099054818
658.1551,8.413747817
658.1745,8.7464118159
658.1939,9.0965338149
658.2133,9.4652748139
658.2327,9.8538938129
658.2521,10.2637528119
658.2715,10.6963278109
658.2909,11.1532128099
658.3103,11.6361408088
658.3297,12.1469868078
658.3491,12.6877818068
658.3685,13.2607278058
658.3879,13.8682118048
658.4073,14.5128138038
658.4267,15.1973348028
658.4461,15.9248048017
658.4654,16.6943778007
658.4848,17.5175767997
658.5042,18.3943417987
658.5236,19.3288217977
658.543,20.3254827967
658.5624,21.3891137957
658.5818,22.5249267946
658.6012,23.7384737936
658.6205,25.0288507926
658.6399,26.4158317916
658.6593,27.8998617906
658.6787,29.4883117896
658.6981,31.1890997886
658.7175,33.0106477875
658.7369,34.9619597865
658.7563,37.0526097855
658.7756,39.2808047845
658.795,41.6803847835
658.8144,44.2515947825
658.8338,47.0065047815
658.8532,49.9578047804
658.8726,53.1188847794
658.892,56.5037447784
658.9114,60.1270547774
658.9308,64.0041747764
658.9502,68.1510547754
658.9696,72.5842447743
658.989,77.3209247733
659.0084,82.3788147723
659.0278,87.7761147713
659.0472,93.5315247703
659.0666,99.6641147693
659.0859,106.158574768
659.1045,112.806984767
659.123,119.816384766
659.1415,127.238714765
659.16,135.091254764
659.1785,143.390924763
659.197,152.154864763
659.2155,161.399254762
659.234,171.14051476
659.2526,181.450794759
659.2711,192.234244759
659.2896,203.558744758
659.3081,215.437374757
659.3266,227.882014756
659.3451,240.903244755
659.3636,254.510204754
659.3821,268.710594753
659.4015,284.245404752
659.4209,300.443714751
659.4403,317.30745475
659.4597,334.835904749
659.4985,371.869994747
659.5372,411.374854745
659.576,453.435514743
659.6148,497.775664741
659.6536,544.157044739
659.6924,592.279124736
659.77,692.233694732
659.8475,793.913894728
659.9251,893.215694724
659.9639,940.417694722
660.0026,985.04409472
660.0414,1026.71039472
660.0802,1064.70449472
660.1262,1104.23139471
660.1722,1136.99269471
660.2042,1155.41979471
660.2361,1170.00689471
660.2681,1180.69919471
660.3,1187.3271947
660.3107,1188.6379947
660.3454,1189.7193947
660.38,1185.9905947
660.4146,1177.5338947
660.4492,1164.4845947
660.4798,1149.2714947
660.5103,1130.85209469
660.5408,1109.37959469
660.5713,1085.07769469
660.6021,1057.91549469
660.6329,1028.39039469
660.6945,963.406594684
660.7561,892.506394681
660.8177,818.083894678
660.924,687.907034672
660.9772,624.538684669
661.0303,563.837564667
661.0611,530.107144665
661.0919,497.614194663
661.1227,466.454204662
661.1535,436.70067466
661.1843,408.405934659
661.2151,381.603244657
661.2459,356.307434655
661.2766,332.592244654
661.3102,308.332854652
661.3438,285.80965465
661.3774,264.970144648
661.411,245.749924647
661.4278,236.724174646
661.4446,228.074784645
661.4614,219.791554644
661.4782,211.863574643
661.495,204.280184642
661.5118,197.030124641
661.5286,190.102234641
661.5453,183.52378464
661.5761,172.159744638
661.6069,161.733904636
661.6377,152.178334635
661.6685,143.426984633
661.6993,135.416164632
661.7301,128.08493463
661.7609,121.375734628
661.7916,115.253204627
661.8224,109.626954625
661.8532,104.470469623
661.884,99.7400956219
661.9148,95.3956126202
661.9456,91.4002066186
661.9764,87.720269617
662.0072,84.3252386154
662.0379,81.1972546138
662.0687,78.2910046122
662.0995,75.5945676106
662.1303,73.087688609
662.1611,70.7522356074
662.1919,68.5719316057
662.2227,66.5322496041
662.2535,64.6201926025
662.2842,62.8298196009
662.315,61.1391465993
662.3458,59.5449185977
662.3766,58.0388825961
662.4074,56.6136625945
662.4382,55.2626465929
662.469,53.9799325912
662.5305,51.602361588
662.5809,49.8159755854
662.6313,48.1577445828
662.6817,46.6136875801
662.732,45.1746395775
662.7824,43.8246415748
662.8328,42.5577715722
662.8832,41.3663275696
662.9335,40.2457205669
662.9839,39.1855585643
663.0343,38.1828955617
663.0847,37.233078559
663.135,36.3336775564
663.1854,35.4774195538
663.2358,34.6627855511
663.3365,33.1480525459
663.3981,32.2885125426
663.4597,31.4748365394
663.5213,30.7033995362
663.5829,29.970956533
663.6445,29.2745565297
663.7061,28.6115735265
663.8292,27.3774565201
663.9524,26.2499815136
664.0755,25.2172165072
664.1987,24.2659265007
664.3218,23.3879114943
664.417,22.7532874893
664.5121,22.1543154844
664.6073,21.5867567794
664.7024,21.0491592744
664.7976,20.5380176694
664.8927,20.0522738644
664.9879,19.5889699595
665.083,19.1473609545
665.1782,18.7249537495
665.2733,18.3212183445
665.4636,17.5630290346
665.6539,16.8638862246
665.8442,16.2163404147
665.9674,15.8216450082
666.0905,15.4447455018
666.2137,15.0836869953
666.3368,14.7378432889
666.5831,14.086355376
666.8294,13.4826054631
667.0757,12.9202164502
667.322,12.3938365373
667.5683,11.8989801244
667.8146,11.4318337116
668.1057,10.9110350963
668.3968,10.4197320811
668.6879,9.9538361659
668.9789,9.5100541506
669.27,9.0852761354
669.5611,8.6773359202
669.8522,8.2842172049
670.1432,7.9042649897
670.3895,7.5916944768
670.6358,7.2865018639
670.8821,6.9879487511
671.1284,6.6953869382
671.3747,6.4082427253
671.621,6.1260209124
671.8673,5.8482960995
672.1135,5.5748221866
672.3598,5.3050875737
672.6061,5.0389843608
672.8524,4.7763627479
673.0987,4.5171509351
673.345,4.2613514222
673.5913,4.0090533093
673.8376,3.7604380964
674.0838,3.5158976835
674.3525,3.2540607695
674.6212,2.9982903554
674.8899,2.7496743414
675.1586,2.5095964273
675.4273,2.2797955132
675.696,2.0624664992
675.8304,1.9592878922
675.9647,1.8604052851
676.099,1.7662122781
676.2333,1.6772399711
676.3565,1.6007229646
676.4796,1.5296738582
676.6028,1.4645515517
676.6644,1.4344324485
676.7259,1.4060998453
676.7875,1.3795528421
676.8491,1.3549352388
676.9107,1.3323489356
676.9722,1.3119331324
677.0338,1.2937351292
677.0954,1.277910426
677.157,1.2645867227
677.2185,1.2539142195
677.3025,1.2438428151
677.3865,1.2393305107
677.4705,1.2407995063
677.5544,1.2486932019
677.6384,1.2635273975
677.6804,1.2737112953
677.7223,1.2858037931
677.7643,1.299935491
677.8063,1.3161588888
677.8483,1.3345549866
677.8902,1.3551570844
677.9518,1.3897087811
678.0134,1.4295989779
678.075,1.4751404747
678.1365,1.5265791715
678.1981,1.5844346683
678.2596,1.648896865
678.3212,1.7205798618
678.3827,1.7996810586
678.4443,1.8869185554
678.5059,1.9826631522
678.5675,2.0874423489
678.6291,2.2018234457
678.6599,2.2628017441
678.6907,2.3264118425
678.7215,2.3927355409
678.7523,2.4618585393
678.7831,2.5338702376
678.8139,2.608862936
678.8447,2.6869300344
678.8754,2.7679037328
678.9062,2.8524127312
678.937,2.9403057296
678.9678,3.031693728
678.9986,3.1266887264
679.0294,3.2254117248
679.0602,3.3279867232
679.091,3.4345417215
679.1217,3.5448427199
679.1525,3.6597467183
679.1833,3.7790467167
679.2141,3.9028897151
679.2449,4.0314337135
679.2757,4.1648387119
679.3065,4.3032757103
679.3373,4.4469157087
679.368,4.595450707
679.4296,4.9103997038
679.4912,5.2492767006
679.5528,5.6138366974
679.6143,6.0053256942
679.6759,6.4270886909
679.7374,6.8800106877
679.799,7.3680286845
679.8605,7.8922446813
679.9221,8.4573126781
679.9837,9.0656456748
680.0453,9.7207956716
680.1068,10.4254776684
680.1684,11.1862816652
680.2299,12.005466662
680.2915,12.8909386587
680.353,13.8456076555
680.4146,14.8790406523
680.4762,15.9968986491
680.5378,17.2071996458
680.5994,18.5188886426
680.661,19.9419756394
680.7226,21.4877386362
680.7842,23.1688496329
680.8457,24.9965516297
680.9073,26.9929956265
680.9689,29.1738416233
681.0305,31.5601576201
681.0613,32.8377816184
681.092,34.1716496168
681.1228,35.5740376152
681.1536,37.0445326136
681.1844,38.587283612
681.2151,40.2013756104
681.2459,41.9021106088
681.2767,43.6895296072
681.3075,45.5692176056
681.3382,47.540631604
681.369,49.6231316023
681.3998,51.8175276007
681.4306,54.1314745991
681.4614,56.5732725975
681.4922,59.1519315959
681.523,61.8772585943
681.5538,64.7598595927
681.5845,67.8011025911
681.6153,71.0333345895
681.6461,74.4606185878
681.6769,78.0978035862
681.7077,81.9611035846
681.7385,86.068123583
681.7693,90.4380335814
681.8001,95.0916735798
681.8308,100.035083578
681.8616,105.325003577
681.8924,110.972523575
681.9232,117.006593573
681.954,123.458553572
681.9848,130.36234357
682.0156,137.754313569
682.0464,145.673873567
682.0771,154.134863565
682.1079,163.237423564
682.1387,173.003423562
682.1695,183.48433356
682.2003,194.734913559
682.2311,206.813103557
682.2619,219.779923556
682.2927,233.699153554
682.3234,248.587523552
682.3626,269.17905355
682.4018,291.681413548
682.441,316.246523546
682.4802,343.028683544
682.5194,372.182293542
682.5586,403.85919354
682.5978,438.204973538
682.6369,475.257623536
682.6677,506.490053534
682.6985,539.581773533
682.7293,574.576253531
682.76,611.38384353
682.7908,650.266403528
682.8216,691.116483526
682.8524,733.928643525
682.8831,778.533063523
682.9139,825.181803521
682.9447,873.67508352
683.0063,975.864343517
683.0679,1084.22390351
683.1294,1197.33428351
683.2526,1432.0359935
683.3142,1549.2832935
683.3757,1663.0719935
683.4504,1793.14139349
683.4878,1853.53079349
683.5251,1909.84279349
683.5625,1961.82709349
683.5998,2008.68929349
683.6371,2050.10439348
683.6744,2085.65339348
683.7058,2110.76829348
683.7372,2131.29529348
683.7686,2147.09599348
683.8,2158.06899348
683.8252,2163.34169347
683.8662,2165.16359347
683.9071,2158.68769347
683.9481,2144.04169347
683.989,2121.56249347
684.03,2091.51469346
684.0709,2054.51049346
684.1118,2011.03319346
684.1527,1961.69709346
684.2054,1890.57659345
684.258,1812.51959345
684.3107,1728.79969345
684.3633,1641.29779345
684.4969,1411.39922344
684.5637,1297.42771344
684.6304,1187.23586343
684.6794,1109.56985343
684.7284,1035.26491343
684.7774,964.700023424
684.8263,898.267783421
684.8753,835.849333419
684.9242,777.757803416
684.9732,723.733063414
685.0221,673.906233411
685.0711,627.930663409
685.1201,585.728323406
685.1446,565.976583405
685.1691,547.086593404
685.1936,529.029153402
685.218,511.843043401
685.2425,495.3570434
685.267,479.612853398
685.3159,450.285593396
685.3649,423.502123393
685.4138,399.141373391
685.4495,382.724233389
685.4851,367.412023387
685.5207,353.081633385
685.5563,339.661493383
685.5919,327.084443381
685.6275,315.287773379
685.6631,304.213073378
685.6987,293.806183376
685.7344,283.990173374
685.77,274.773373372
685.8056,266.08490337
685.8412,257.885343368
685.8768,250.138633367
685.9124,242.811363365
685.948,235.873372363
685.9836,229.296429361
686.0326,220.788058358
686.0816,212.855590356
686.1306,205.445513353
686.1795,198.524240351
686.2285,192.021207348
686.2774,185.925570345
686.3264,180.178934343
686.3753,174.77487134
686.4243,169.664484338
686.4732,164.844574335
686.5222,160.273813333
686.5711,155.95146733
686.6201,151.842078328
686.669,147.946528325
686.7669,140.70752732
686.8649,134.126947315
686.9628,128.13387331
687.0607,122.650421305
687.1586,117.616619299
687.2566,112.976721294
687.3545,108.696468289
687.4524,104.733096284
687.5503,101.053937279
687.6438,97.779278274
687.7373,94.7161262691
687.8308,91.8452942643
687.9242,89.1525972594
688.0177,86.6172072545
688.1112,84.2286792496
688.2047,81.9750412447
688.2981,79.8477652398
688.3916,77.8327012349
688.4851,75.92352023
688.5786,74.1123842251
688.672,72.3939952202
688.7655,70.7582522154
688.8589,69.2028052105
688.9524,67.7189792056
689.0458,66.3050702007
689.1438,64.8900791955
689.2417,63.5419851904
689.4375,61.0252381802
689.6334,58.7218981699
689.8292,56.6086961597
690.0251,54.6616791494
690.2209,52.8642251392
690.4168,51.1985519289
690.6126,49.6525833187
690.764,48.5310305108
690.9153,47.4691765029
691.0667,46.4611721949
691.218,45.504298087
691.3694,44.5935567791
691.5207,43.7267657712
691.672,42.9002091633
691.8233,42.1111153553
692.126,40.6351192395
692.4286,39.2825349237
692.7313,38.0380935079
693.0339,36.890240592
693.2298,36.1933202818
693.4256,35.5299719715
693.6215,34.8971830613
693.8173,34.293486151
694.0132,33.7163381408
694.209,33.1645449306
694.6007,32.1295862101
694.9924,31.1771905895
695.3841,30.297721969
695.7758,29.4829438485
696.1674,28.725992128
696.4167,28.271306515
696.6659,27.8362698019
697.1644,27.0194829759
697.6629,26.2668245498
698.1614,25.5712205237
698.6599,24.9261642976
699.1584,24.3249420716
699.6569,23.7626883455
700.1554,23.2359014194
700.5471,22.8446454989
700.9388,22.4716692784
701.3305,22.1155914579
701.7222,21.7751553374
702.1139,21.4492181169
702.5056,21.1367406964
702.8973,20.8367868759
703.2889,20.5485741554
704.0723,20.0038550144
704.8557,19.4970810735
705.6391,19.0234970325
706.4224,18.5790214915
707.2058,18.1599811505
707.9892,17.7632625695
708.7726,17.3860184885
709.5559,17.0257196175
710.3393,16.6798252965
711.1227,16.3460209056
711.9061,16.0218956146
712.2978,15.8626806841
712.6894,15.7049396536
713.1345,15.5269176503
713.5796,15.349669007
714.0247,15.1724773837
714.4698,14.9945165904
714.9149,14.8147276571
715.36,14.6318403538
715.5826,14.5387245622
715.8051,14.4442116505
716.0277,14.3479235889
716.2502,14.2495881773
716.4461,14.160947267
716.6419,14.0700652568
716.8378,13.9764370465
717.0336,13.8796785363
717.2295,13.779122726
717.4253,13.6741524158
717.6211,13.5638639055
717.8169,13.4471437953
717.9149,13.3859147902
718.0128,13.322608185
718.1107,13.2569569799
718.2086,13.1887738748
718.3066,13.1178030697
718.4045,13.0441577645
718.5024,12.9680511594
718.5514,12.9292798569
718.6003,12.8904131543
718.6426,12.8568934521
718.6849,12.8237849499
718.7272,12.7915024477
718.7695,12.7605890455
718.8118,12.7317875432
718.8541,12.706036441
718.8964,12.6845732388
718.9386,12.6689896366
718.9809,12.6611641344
719.0232,12.6636028322
719.0444,12.6696190311
719.0655,12.67934323
719.0867,12.6933612289
719.1078,12.7120793278
719.129,12.7362384266
719.1501,12.7662603255
719.1713,12.8031087244
719.1924,12.8471976233
719.2136,12.8997636222
719.2347,12.9611756211
719.2558,13.03261062
719.2769,13.1150656189
719.3014,13.2260716176
719.3259,13.3551836163
719.3504,13.5043586151
719.3749,13.6756326138
719.3994,13.8712096125
719.4117,13.9792726119
719.4239,14.0933806112
719.4362,14.2157006106
719.4484,14.3445616099
719.4606,14.4812446093
719.4728,14.6260646087
719.4851,14.780645608
719.4973,14.9428046074
719.5096,15.1155346067
719.5218,15.2963786061
719.5341,15.4886366054
719.5463,15.6895416048
719.5585,15.9009546042
719.5707,16.1232316035
719.5952,16.6038166023
719.6197,17.132401601
719.6442,17.7117565997
719.6686,18.3419065984
719.6898,18.9344685973
719.7109,19.5675035962
719.7321,20.2485155951
719.7532,20.972442594
719.7744,21.7473895929
719.7955,22.5671215918
719.8166,23.4360615907
719.8377,24.3549115896
719.8589,25.3288515885
719.88,26.3489415874
719.9012,27.4247915862
719.9223,28.5459715851
719.9435,29.722471584
719.9646,30.9422815829
720.0068,33.5227515807
720.0558,36.7378915782
720.1048,40.1575515756
720.1538,43.739381573
720.2027,47.4232615705
720.265,52.1769115672
720.3273,56.8630015639
720.3763,60.3984215614
720.4252,63.7086915588
720.4586,65.8045015571
720.492,67.7387315553
720.5165,69.041831554
720.5409,70.2331115528
720.5699,71.5004215513
720.5788,71.8553515508
720.6032,72.7429615495
720.6233,73.3770615485
720.6355,73.7179215478
720.6477,74.0248815472
720.66,74.2995715465
720.6721,74.5353215459
720.6914,74.8397715449
720.7,74.9468615444
720.7109,75.0571315439
720.7366,75.2040115425
720.7594,75.2011515413
720.7823,75.0728115401
720.8134,74.6996915385
720.859,73.7502015361
720.9047,72.3437015337
720.9441,70.7940415317
720.9835,68.9630615296
721.0292,66.5311015272
721.0748,63.8288115248
721.1371,59.8006815216
721.1993,55.5324915183
721.2906,49.1299715135
721.3362,45.9849615112
721.3818,42.9343615088
721.4171,40.6607215069
721.4524,38.4790215051
721.4877,36.4003115032
721.5229,34.4384915014
721.5406,33.4958815005
721.5582,32.5884514995
721.5759,31.7063114986
721.5935,30.8596714977
721.6112,30.0390514968
721.6288,29.2537524958
721.6464,28.4989524949
721.664,27.774467494
721.6869,26.8767064928
721.7097,26.0324944916
721.7325,25.2367554904
721.7553,24.4882274892
721.7782,23.782511488
721.801,23.1242174868
721.8238,22.5084934856
721.8466,21.9335914845
721.8695,21.3954154833
721.8923,20.8967944821
721.9151,20.4334084809
721.9379,20.0033544797
721.9607,19.6047344785
721.9835,19.2356744773
722.0063,18.8943344761
722.0291,18.5789324749
722.0468,18.350842474
722.0644,18.1377134731
722.0821,17.9363444721
722.0997,17.7483044712
722.1174,17.5707214703
722.135,17.4049364694
722.1526,17.2492534684
722.1702,17.1030484675
722.1879,16.9649854666
722.2055,16.8360544657
722.2232,16.7142308647
722.2408,16.6003850638
722.2585,16.4927300629
722.2761,16.392029962
722.3113,16.2078861601
722.3466,16.0437316583
722.3819,15.8973115564
722.4172,15.7661716546
722.4524,15.6484912528
722.4877,15.5417350509
722.5229,15.4449473491
722.5582,15.3562099472
722.5934,15.2748545454
722.6391,15.178264743
722.6847,15.0904302406
722.7304,15.0095523382
722.776,14.9348151358
722.8217,14.8649724334
722.8673,14.799584231
722.9586,14.6793276263
723.0499,14.5704751215
723.1412,14.4706691167
723.2325,14.3782260119
723.3237,14.2920364072
723.4814,14.1549556989
723.6391,14.0301729907
723.7968,13.9152464824
723.9544,13.8084279742
724.1121,13.7082034659
724.2697,13.6136315577
724.4274,13.5237230494
724.585,13.4378939412
724.8672,13.2925166264
725.1493,13.1557366116
725.4315,13.0255413969
725.7136,12.9005192821
725.9958,12.7794605373
726.2779,12.6615249426
726.5601,12.5458818478
726.8422,12.4319845931
727.2074,12.286174514
727.5725,12.1412684749
727.9376,11.9963105858
728.3027,11.8504097667
728.6678,11.7027373276
729.0329,11.5524464084
729.398,11.3986536893
729.7631,11.2404422702
730.0619,11.1069513546
730.3606,10.969249439
730.6594,10.8265590233
730.9581,10.6782209077
731.2569,10.5232790921
731.5556,10.3608348765
731.8544,10.1895963608
732.0038,10.100280553
732.1531,10.0083074452
732.3357,9.8918283356
732.5183,9.7705660261
732.7009,9.6440658165
732.8834,9.511895607
733.066,9.3733450974
733.2485,9.2279359879
733.4311,9.0748077783
733.6136,8.9133437688
733.7547,8.7821929614
733.8958,8.645058454
734.0369,8.5014680466
734.1779,8.3510325392
734.319,8.1930131319
734.3896,8.1109734282
734.4601,8.0269811245
734.5307,7.9407338208
734.6012,7.8524177171
734.6717,7.7618558134
734.7422,7.6690037097
734.8335,7.5453039049
734.9248,7.4176941002
735.0161,7.2862602954
735.1074,7.1512117906
735.1531,7.0823874882
735.1987,7.0130122858
735.2444,6.9429055834
735.29,6.8725438811
735.3357,6.8018441787
735.3813,6.7314148763
735.4269,6.6615052739
735.4725,6.5926461715
735.512,6.5343897694
735.5514,6.4781897674
735.5908,6.4246527653
735.6302,6.3747377633
735.6697,6.3295577612
735.7091,6.2908847591
735.7485,6.2605337571
735.7879,6.240936755
735.8274,6.2351307529
735.8668,6.2469237509
735.8865,6.2608227498
735.9062,6.2809397488
735.9259,6.3080237478
735.9456,6.3429037468
735.9653,6.3864947457
735.985,6.4398057447
736.0047,6.5039457437
736.0244,6.5801337426
736.0441,6.6697027416
736.0638,6.7741167406
736.0835,6.8949707395
736.1032,7.0340057385
736.1261,7.2209917373
736.1489,7.4373447361
736.1717,7.6873437349
736.1945,7.9748437337
736.2174,8.3055967325
736.2402,8.6813127313
736.263,9.1083107301
736.2858,9.591965729
736.3087,10.1406137278
736.3315,10.7557137266
736.3543,11.4461917254
736.3771,12.2191657242
736.3885,12.6389367236
736.3999,13.082205723
736.4113,13.5499897224
736.4227,14.0433337218
736.4341,14.5633057212
736.4455,15.1110087206
736.4569,15.68756472
736.4683,16.2941257194
736.4798,16.9376037188
736.4912,17.6080157182
736.5026,18.3120447176
736.514,19.050936717
736.5254,19.8259607164
736.5368,20.6384007158
736.5482,21.4895607152
736.5596,22.3807607146
736.5711,23.321730714
736.5825,24.2974507134
736.5939,25.3172607128
736.6053,26.3825807122
736.6167,27.4947507116
736.6281,28.655170711
736.6509,31.1263307098
736.6738,33.8193507087
736.6966,36.7217507075
736.7194,39.8556007063
736.7422,43.2314007051
736.765,46.8592007039
736.7878,50.7485407027
736.8106,54.9082607015
736.8334,59.3464007003
736.8563,64.0914106991
736.8791,69.1078606979
736.9019,74.4206006967
736.9247,80.0330006955
736.9476,85.9735206943
736.9704,92.1904506931
736.9932,98.7074606919
737.016,105.520980691
737.0409,113.294200689
737.0658,121.404170688
737.097,132.020600686
737.1281,143.074600685
737.1592,154.557820683
737.1903,166.420390682
737.2359,184.376350679
737.2815,202.807390677
737.3728,240.115220672
737.4184,258.37399067
737.464,275.968590667
737.5097,292.613590665
737.5553,307.919490663
737.601,321.64999066
737.6466,333.467890658
737.6923,343.181690655
737.7384,350.616990653
737.7648,353.744990652
737.7912,356.02349065
737.8,356.59169065
737.8089,357.068390649
737.8375,357.931190648
737.8661,357.772490646
737.904,356.001490644
737.9441,352.234590642
737.9809,347.13299064
738.0177,340.545690638
738.0545,332.578590636
738.0912,323.382090635
738.1347,311.052290632
738.1782,297.40649063
738.215,285.027340628
738.2518,272.053490626
738.3253,244.996950622
738.3989,217.384820618
738.4357,203.729610616
738.4724,190.371780615
738.5042,179.087480613
738.536,168.133970611
738.5678,157.560840609
738.5995,147.440630608
738.6313,137.742520606
738.663,128.552480605
738.6948,119.830050603
738.7265,111.640560601
738.7449,107.1203906
738.7633,102.771590599
738.7817,98.5934405983
738.8001,94.5846305974
738.8185,90.7433105964
738.8369,87.0671805954
738.8553,83.5534705945
738.8737,80.1990505935
738.8921,77.0004005926
738.9105,73.9537605916
738.9289,71.0550405906
738.9473,68.2999705897
738.9657,65.6840605887
738.9841,63.2026805877
739.0025,60.8511105868
739.0208,58.6362805858
739.0426,56.1525105847
739.0643,53.8395155835
739.0861,51.6678195824
739.1078,49.6493605813
739.1296,47.7575725801
739.1513,46.002065579
739.173,44.3663065779
739.1947,42.8429875767
739.2165,41.4187065756
739.2382,40.0996925744
739.2599,38.8726105733
739.2816,37.7312155722
739.3034,36.664809571
739.3251,35.6775105699
739.3468,34.7588655688
739.3685,33.9038385676
739.3869,33.2251185667
739.4053,32.5859725657
739.4237,31.9837955647
739.4421,31.4161625638
739.4605,30.8807645628
739.4789,30.3754265618
739.4973,29.8981295609
739.5157,29.4469505599
739.5341,29.020097559
739.5525,28.615913558
739.5709,28.232833557
739.5893,27.8693855561
739.6077,27.5242345551
739.6261,27.1961025541
739.6445,26.8838145532
739.6628,26.5878745522
739.6996,26.0329865503
739.7364,25.5259455484
739.7732,25.0605315465
739.8099,24.6325705445
739.8467,24.2352095426
739.8835,23.8657945407
739.9203,23.5210285388
739.957,23.1989675368
739.9938,22.8954375349
740.0306,22.609321533
740.0674,22.3388435311
740.1042,22.0824913292
740.141,21.8389589272
740.1778,21.6071276253
740.2513,21.1752655215
740.3249,20.7792263176
740.3984,20.4150025138
740.472,20.0775356099
740.5455,19.7644524061
740.6124,19.4979676026
740.6793,19.2472864991
740.7462,19.0109428956
740.813,18.7879408921
740.8799,18.5764787886
740.9468,18.3758933851
741.0137,18.1853065816
741.0805,18.0041890781
741.1474,17.8312938746
741.2143,17.6662566711
741.348,17.3577638641
741.4817,17.0745289571
741.6154,16.8133042501
741.7626,16.5479383424
741.9097,16.3031329347
742.0568,16.076191127
742.2039,15.8650138193
742.3511,15.6676676116
742.4982,15.4828929039
742.6453,15.3092346962
742.7924,15.1455473885
742.9262,15.0044654815
743.0599,14.8702495745
743.1937,14.7420926675
743.3274,14.6196712605
743.5949,14.3898141465
743.8624,14.1774867325
744.1299,13.9800836185
744.3974,13.7954627045
744.6649,13.6218100905
744.9323,13.4576320765
745.1731,13.3167260639
745.4138,13.1815342513
745.6546,13.0511826387
745.8953,12.9250377261
746.1361,12.8023464135
746.3768,12.6825646009
746.6176,12.5649726884
746.8583,12.4490429758
747.0723,12.3468122646
747.2863,12.2448861534
747.5003,12.1427589422
747.7143,12.039851331
747.9283,11.9355457198
748.1423,11.8290978086
748.3563,11.7196110974
748.5702,11.6060915862
748.704,11.5324393792
748.8377,11.4563835722
748.9715,11.3773899652
749.1052,11.2951900582
749.239,11.2094450512
749.3059,11.1653520477
749.3727,11.1206991442
749.4396,11.0756919407
749.5065,11.0309777372
749.5734,10.9875531337
749.6402,10.9470250302
749.677,10.9267365283
749.7138,10.9085599264
749.7506,10.8931692244
749.7873,10.8814217225
749.8241,10.8742430206
749.8609,10.8729175187
749.8977,10.8788895167
749.9344,10.8938553148
749.9712,10.9199624129
750.008,10.959599211
750.0264,10.98534871
750.0448,11.015566909
750.0632,11.0506793081
750.0815,11.0908795071
750.0999,11.1371070062
750.1183,11.1896390052
750.1367,11.2490350042
750.1551,11.3158570033
750.1735,11.3907100023
750.1919,11.4742260013
750.2103,11.5670850004
750.2286,11.6693959994
750.2429,11.7567209987
750.2571,11.8502239979
750.2713,11.9508559972
750.2855,12.0589879964
750.2997,12.1750029957
750.3139,12.299292995
750.3281,12.4322589942
750.3423,12.5743129935
750.3566,12.7269739927
750.3708,12.888535992
750.385,13.0604649912
750.3992,13.2431989905
750.4134,13.4371809897
750.4276,13.642857989
750.4418,13.8606759883
750.456,14.0910859875
750.4703,14.3362989868
750.4845,14.593335986
750.4987,14.8643089853
750.5129,15.1496569845
750.5271,15.4498169838
750.5413,15.7652029831
750.5555,16.0962349823
750.5697,16.4433139816
750.584,16.8094509808
750.5982,17.1898979801
750.6266,18.0025979786
750.655,18.8864919771
750.6834,19.8437229756
750.7018,20.5038819747
750.7202,21.1958899737
750.7386,21.9199599727
750.757,22.6762499718
750.7938,24.2852999698
750.8305,26.0165699679
750.8673,27.875679966
750.9041,29.8517899641
750.9409,31.9360099621
750.9776,34.1107199602
751.0178,36.5861999581
751.0579,39.131249956
751.1381,44.3426999518
751.205,48.6682399483
751.2385,50.7740799466
751.2719,52.8062899448
751.3087,54.9427599429
751.3455,56.945199941
751.3823,58.7872999391
751.419,60.4400699371
751.4591,62.009099935
751.4792,62.694609934
751.501,63.3574299328
751.5193,63.8467599319
751.5377,64.2752599309
751.5503,64.5312199303
751.566,64.8068199294
751.5788,64.9955199288
751.6,65.2361999277
751.6107,65.3233799271
751.6355,65.4365599258
751.652,65.4429499249
751.679,65.3351099235
751.7119,65.0074099218
751.7448,64.4691099201
751.7732,63.8409799186
751.8016,63.0680599171
751.8346,61.9982099154
751.8675,60.7609299137
751.9064,59.0991899116
751.9453,57.2483699096
752.0111,53.7708899062
752.0769,49.9871399027
752.1278,46.9447399001
752.1787,43.8735498974
752.2296,40.8331698947
752.2804,37.8815798921
752.3134,36.0295798903
752.3463,34.2463998886
752.3792,32.5345798869
752.4121,30.9007998852
752.445,29.3501798835
752.4779,27.8863698817
752.5108,26.51163088
752.5273,25.8560748792
752.5437,25.2269598783
752.5707,24.2398538769
752.5976,23.3160288755
752.6245,22.4506858741
752.6514,21.6424538727
752.6649,21.257837872
752.6784,20.8869658712
752.6919,20.5295568705
752.7053,20.1878598698
752.7188,19.8565028691
752.7322,19.5401128684
752.7457,19.2336628677
752.7591,18.941392867
752.7726,18.6586378663
752.7861,18.3873048656
752.7996,18.1270758649
752.813,17.8794338642
752.8265,17.6403518635
752.8399,17.4130578628
752.8534,17.1938278621
752.8668,16.9856038614
752.8803,16.7849378607
752.8938,16.59311186
752.9073,16.4097948593
752.9207,16.2359498586
752.9342,16.0686728579
752.9476,15.9101258572
752.9745,15.6132458557
752.991,15.4444668549
753.0075,15.285189854
753.024,15.1349358532
753.0404,14.9940348523
753.0569,14.8603098514
753.0733,14.7349538506
753.0898,14.6159888497
753.1062,14.5044688489
753.1392,14.2987921471
753.1721,14.1162248454
753.205,13.9534422437
753.2379,13.808037942
753.2709,13.6774789402
753.3038,13.5606490385
753.3367,13.4554109368
753.3696,13.3602757351
753.4025,13.2739226334
753.4354,13.1952134316
753.4683,13.1231282299
753.5012,13.0568114282
753.5581,12.9536042252
753.6149,12.8624268222
753.6718,12.7805545193
753.7286,12.7063979163
753.7855,12.6382950133
753.8423,12.5753991103
753.956,12.4616617044
754.0697,12.3605348985
754.1834,12.2691075925
754.2971,12.1854640866
754.4108,12.1082450806
754.5664,12.0111658725
754.722,11.9223261643
754.8776,11.8402758562
755.0331,11.763946648
755.1887,11.6923873399
755.3443,11.6249472618
755.6554,11.5003101755
755.9666,11.3865480492
756.2778,11.2813077829
756.589,11.1829109466
756.9001,11.0901012104
757.2113,11.0018474741
757.5225,10.9173897578
757.8337,10.8361038315
758.1448,10.7575173152
758.5278,10.6638424352
758.9108,10.5730313952
759.2938,10.4845855651
759.6768,10.3980877751
760.4428,10.229610535
761.2087,10.0653334449
761.7832,9.9437444949
762.3577,9.8227925548
762.9322,9.7018721447
763.5066,9.5804348247
764.0811,9.4578394346
764.6556,9.3334837546
765.2301,9.2067051345
765.8045,9.0767891045
766.2354,8.9767551019
766.6663,8.8740688594
767.0972,8.7682690468
767.528,8.6588585643
767.9589,8.5451880717
768.3897,8.4266053792
768.8206,8.3021550166
769.2514,8.1707843541
769.5147,8.0865246903
769.778,7.9988480765
770.0413,7.9073594628
770.3046,7.811599949
770.5679,7.7110410352
770.8312,7.6050680215
771.0945,7.4929635077
771.3578,7.3738865939
771.5134,7.2998405858
771.669,7.2227768776
771.8246,7.1424312695
771.9802,7.0585106613
772.1358,6.9706919532
772.2914,6.878621745
772.447,6.7819089369
772.6026,6.6801295288
772.7343,6.5896859219
772.8659,6.495065415
772.9976,6.3958235081
773.1292,6.2918200012
773.1951,6.2378395978
773.2609,6.1826412943
773.3267,6.1261332909
773.3925,6.0683126874
773.4583,6.009193184
773.5241,5.9488288805
773.5899,5.8873243771
773.6557,5.8248574737
773.7276,5.7558587699
773.7994,5.6868165661
773.8712,5.6186951624
773.943,5.5532089586
773.9789,5.5222540567
774.0148,5.4930859549
774.0507,5.466291353
774.0866,5.4425999511
774.1225,5.4229130492
774.1584,5.4083435474
774.1943,5.4002525455
774.2302,5.4003047436
774.2632,5.4092607419
774.2961,5.4286027401
774.329,5.4605517384
774.3619,5.5077057367
774.3948,5.573113735
774.4277,5.6603347333
774.4606,5.7735007315
774.4771,5.8414957307
774.4935,5.9173847298
774.51,6.002802729
774.5265,6.0980777281
774.543,6.2040257272
774.5594,6.3207657264
774.5759,6.4506447255
774.5923,6.5930577247
774.6088,6.7507777238
774.6252,6.9229867229
774.6417,7.1129467221
774.6581,7.3195737212
774.6746,7.5466817203
774.691,7.7928717195
774.7075,8.0625777186
774.7239,8.3540187178
774.7404,8.6723237169
774.7568,9.015262716
774.7778,9.4957717149
774.7987,10.0235547139
774.8197,10.6075467128
774.8406,11.2462177117
774.8616,11.9499117106
774.8825,12.7162867095
774.9035,13.5572167084
774.9244,14.4693377073
774.9454,15.4661677062
774.9663,16.5430747051
774.9873,17.715331704
775.0082,18.9767607029
775.0292,20.3444687018
775.0501,21.8104387007
775.071,23.3858686996
775.0919,25.0756186985
775.1084,26.4935186976
775.1249,27.9878986968
775.1414,29.5609386959
775.1578,31.2044686951
775.1743,32.9405286942
775.1907,34.7499086933
775.2072,36.6564286925
775.2236,38.6385286916
775.2401,40.7218186908
775.2565,42.8822486899
775.273,45.147228689
775.2894,47.4901086882
775.3059,49.9400586873
775.3223,52.4677286865
775.3552,57.8168586847
775.3792,61.9519786835
775.4031,66.2624186822
775.4271,70.780218681
775.451,75.4621686797
775.475,80.3403286785
775.4989,85.3652986772
775.5467,95.8726186747
775.5946,106.925068672
775.6425,118.37172867
775.7621,147.608518663
775.828,163.29050866
775.861,170.802678658
775.8939,177.971848657
775.9268,184.751828655
775.9596,191.056758653
775.9986,197.875148651
776.0314,202.970488649
776.0643,207.438088648
776.0972,211.214188646
776.1301,214.259588644
776.1657,216.695388642
776.2,218.17178864
776.2069,218.36398864
776.2293,218.744888639
776.2516,218.754188638
776.2874,218.001488636
776.3231,216.322988634
776.3651,213.200888632
776.4007,209.63006863
776.4363,205.265568628
776.472,200.153568626
776.5076,194.392468624
776.5626,184.367298622
776.6176,173.243968619
776.6889,157.702588615
776.7601,141.541138611
776.8313,125.362698607
776.8669,117.439698606
776.9025,109.706588604
776.9381,102.213618602
776.9737,95.0034286
777.0093,88.1110585982
777.0449,81.5639585963
777.0805,75.3823985945
777.1161,69.5797485926
777.1339,66.8229485917
777.1517,64.1630685907
777.1695,61.6000785898
777.1873,59.1336385889
777.2052,56.7500885879
777.223,54.475138587
777.2408,52.2940385861
777.2586,50.2053885851
777.2764,48.2075785842
777.2942,46.2988285833
777.312,44.4771585823
777.3298,42.7404485814
777.3476,41.0864585805
777.3654,39.5128385796
777.3832,38.0171285786
777.401,36.5968235777
777.4188,35.2493375768
777.4366,33.9720665758
777.4544,32.7623575749
777.4722,31.617550574
777.486,30.7729885732
777.4998,29.9646085725
777.5136,29.1911885718
777.5273,28.4567565711
777.5411,27.7493955704
777.5548,27.0781835696
777.5686,26.4321715689
777.5823,25.8195825682
777.5961,25.2303565675
777.6098,24.6719285668
777.6236,24.135095566
777.6373,23.6265915653
777.6511,23.1379715646
777.6648,22.6753285639
777.6786,22.2309475632
777.6923,21.8103325624
777.7061,21.4064505617
777.7198,21.024273561
777.7336,20.6573865603
777.7473,20.3102935596
777.7611,19.9771445588
777.7748,19.6620275581
777.7886,19.3596055574
777.8023,19.0735715567
777.8161,18.799111556
777.8298,18.5395515553
777.8573,18.0550215538
777.8848,17.6155345524
777.9123,17.2170685509
777.9302,16.97802255
777.948,16.7551515491
777.9658,16.5462655481
777.9836,16.3506315472
778.0014,16.1675625463
778.0192,15.9964555453
778.037,15.8367535444
778.0548,15.6879715435
778.0726,15.5496745426
778.0904,15.4214715416
778.1082,15.3030355407
778.126,15.1940935398
778.1438,15.0943945388
778.1616,15.0037655379
778.1794,14.922058537
778.1972,14.849168536
778.2151,14.7846915351
778.2329,14.7293185342
778.2507,14.6826645332
778.2685,14.6447845323
778.2863,14.6157335314
778.3041,14.5956185304
778.3219,14.5845525295
778.3397,14.5826915286
778.3575,14.5902125276
778.3753,14.6072905267
778.3931,14.6341405258
778.4109,14.6709925249
778.4287,14.7180715239
778.4465,14.775632523
778.4643,14.8439225221
778.4821,14.9232075211
778.5097,15.0685065197
778.5372,15.2411635182
778.5647,15.4426145168
778.5922,15.6737365154
778.6197,15.9353455139
778.6472,16.2281635125
778.6747,16.5527595111
778.7022,16.9095515096
778.7298,17.3002635082
778.7573,17.7220655067
778.7848,18.1761135053
778.8123,18.6619235039
778.8398,19.1787365024
778.8673,19.725496501
778.8948,20.3008284995
778.9223,20.9030324981
778.9612,21.7967384961
779.0,22.730698494
779.0518,24.0294584913
779.1036,25.3662984886
779.1554,26.7147384859
779.2071,28.0429684832
779.2719,29.6352884798
779.3043,30.3832184781
779.3366,31.0865584764
779.3723,31.8058684745
779.4079,32.4533184727
779.4338,32.8755284713
779.4597,33.25316847
779.4953,33.6944584681
779.5277,34.0131784664
779.5358,34.080028466
779.5535,34.2078584651
779.568,34.2936384643
779.5782,34.3436384638
779.5981,34.4163784627
779.6,34.4215984626
779.6077,34.4396684622
779.6153,34.4526184618
779.6359,34.4633584608
779.6557,34.4400484597
779.6755,34.3839184587
779.706,34.2337984571
779.7454,33.928048455
779.7706,33.6685584537
779.7957,33.3625884524
779.8352,32.7901484503
779.8746,32.1167684483
779.9105,31.4232984464
779.9464,30.6628684445
779.9823,29.8450684426
780.0182,28.9798484408
780.0792,27.4294984376
780.1402,25.8203684344
780.2012,24.1987184312
780.2622,22.605973428
780.3053,21.5173954257
780.3484,20.4711204235
780.3915,19.4754414212
780.413,18.9997264201
780.4345,18.538845419
780.4561,18.0912664178
780.4776,17.6615304167
780.4991,17.2478264156
780.5206,16.8503504145
780.5422,16.4674694133
780.5637,16.1027484122
780.5852,15.7543194111
780.6067,15.42203241
780.6265,15.1301314089
780.6462,14.8529104079
780.666,14.5873124069
780.6857,14.3357444058
780.7055,14.0953364048
780.7252,13.8681914038
780.7449,13.6526834027
780.7646,13.4484594017
780.7844,13.2541524007
780.8041,13.0713323996
780.8239,12.8977163986
780.8436,12.7346463976
780.8634,12.5800353965
780.8831,12.4350223955
780.9028,12.2983803945
780.9225,12.1696923934
780.9423,12.0479553924
780.962,11.9339943914
780.9818,11.8262552903
781.0015,11.7254376893
781.0213,11.6301452883
781.041,11.5409882872
781.0607,11.4571097862
781.0804,11.3781893852
781.1199,11.2335939831
781.1593,11.105563681
781.1988,10.991302479
781.2382,10.8894589769
781.267,10.8216920754
781.2957,10.7591102739
781.3244,10.7009342724
781.3531,10.6466933709
781.4105,10.5483324679
781.4679,10.4611015649
781.5253,10.3827134619
781.5827,10.3113578589
781.6401,10.2456216559
781.6975,10.1844338529
781.8124,10.0725063469
781.9272,9.9712056409
782.042,9.8777156349
782.1568,9.7903618289
782.3578,9.6490815183
782.5587,9.5196655078
782.7597,9.3995930973
782.9606,9.2873012868
783.1616,9.1814141763
783.3625,9.0810561658
783.5634,8.9853935553
783.7643,8.8937979447
783.9653,8.8057105342
784.1662,8.7207891237
784.5681,8.5588744027
784.97,8.4057180817
785.3719,8.2595383606
785.7738,8.1189046396
786.1757,7.9826276786
786.5776,7.8497663275
786.9794,7.7196100965
787.611,7.5189068535
788.2425,7.3211512304
788.8741,7.1244750774
789.5056,6.9273637443
790.1372,6.7283212113
790.7687,6.5260447783
791.0845,6.4232435617
791.4002,6.3191484452
791.716,6.2135171287
792.0317,6.1062392122
792.4042,5.9772511927
792.7766,5.8453872731
793.1491,5.7101897525
793.5215,5.5712808261
793.894,5.4281056791
794.2664,5.2802214862
794.4527,5.2042746162
794.6389,5.1269458303
794.8251,5.0481009308
795.0113,4.9676377209
795.1963,4.8859870049
795.3813,4.8025552848
795.5663,4.7173849626
795.6588,4.6742772011
795.7512,4.6310787395
795.8437,4.5880518777
795.9362,4.5459053159
796.0287,4.5058174541
796.0749,4.4871503232
796.1211,4.4698355923
796.1674,4.4542994613
796.2136,4.4411781304
796.2599,4.4311283994
796.3061,4.4250677685
796.3524,4.4240367375
796.3986,4.4293141066
796.4448,4.4424037757
796.491,4.4650766448
796.5373,4.4994690138
796.5604,4.5217165984
796.5835,4.5477706829
796.6067,4.5781076674
796.6298,4.612822352
796.6529,4.6524057365
796.676,4.6972439211
796.6992,4.7479693055
796.7223,4.8045580901
796.7454,4.8676430746
796.7685,4.9376540592
796.7917,5.0153830436
796.8148,5.1006030282
796.8379,5.1940750127
796.861,5.2962399973
796.8842,5.4080279818
796.9073,5.5288989663
796.9304,5.6597169509
796.9535,5.8008629354
796.9767,5.9533749199
796.9998,6.1162629044
797.0229,6.290445889
797.046,6.4761698735
797.0692,6.674507858
797.0923,6.8838948425
797.1154,7.1052378271
797.1385,7.3385528116
797.1616,7.5837857962
797.1847,7.8408037807
797.2078,8.1093967653
797.2309,8.3892667498
797.2736,8.9349347213
797.3163,9.5145136927
797.359,10.1236516641
797.4017,10.7568926356
797.4871,12.0685465784
797.5724,13.3843595213
797.6116,13.9706434951
797.6507,14.533226469
797.6898,15.0658784428
797.7289,15.5609194166
797.7716,16.0499483881
797.8143,16.4764073595
797.8428,16.7222293404
797.8712,16.9337883214
797.9103,17.1672362953
797.9335,17.2726502798
797.953,17.3415992667
797.9717,17.3905652542
797.9891,17.4208692426
798.0,17.4323082353
798.0129,17.4383202266
798.0329,17.4314672133
798.0526,17.4055192001
798.0722,17.360905187
798.1008,17.2625481678
798.1402,17.0639121415
798.1742,16.8359591187
798.2081,16.5593650961
798.2617,16.0296870602
798.3153,15.4004530243
798.3654,14.7377209908
798.4154,14.0201209574
798.5155,12.4779928904
798.6228,10.7837718186
798.6764,9.9615317828
798.73,9.1730927469
798.7568,8.794825729
798.7836,8.428612711
798.8104,8.0753126931
798.8372,7.7356246752
798.864,7.4100916572
798.8908,7.0991096393
798.9176,6.8029316214
798.9444,6.5216816035
798.973,6.2380065843
799.0016,5.9711955652
799.0302,5.7209815461
799.0588,5.4869875269
799.0874,5.2687375078
799.116,5.0656754887
799.1446,4.8771754695
799.1732,4.7025624504
799.2018,4.5411194313
799.2304,4.3921034121
799.259,4.254757393
799.2876,4.1283173739
799.3162,4.0120243547
799.3448,3.9051315356
799.3734,3.8069104165
799.4019,3.7169569974
799.4413,3.604392871
799.4806,3.5042468447
799.5199,3.4146923184
799.5592,3.3343346922
799.5986,3.2617408658
799.6379,3.1961518395
799.6772,3.1363779132
799.7165,3.0815455869
799.7559,3.0307701606
799.7952,2.9836514343
799.8345,2.939492808
799.8738,2.8978162817
799.9524,2.8203547291
800.031,2.7487634765
800.1097,2.6812293239
800.1883,2.6167590713
800.267,2.5544206186
800.3456,2.493874866
800.4243,2.4346592134
800.5029,2.3767391608
800.6601,2.2642246556
800.8174,2.1560466504
800.9747,2.0527471452
801.132,1.9552749399
801.2106,1.9091776873
801.2892,1.8651094348
801.3679,1.8232854821
801.4465,1.7841225295
801.5251,1.7479242769
801.6037,1.7151065244
801.6824,1.6861167717
801.761,1.6615864191
801.8396,1.6421225665
801.9182,1.628476914
801.9969,1.6215186613
802.0755,1.6222901087
802.1542,1.6319934561
802.2328,1.6520158035
802.3115,1.6840837508
802.3508,1.7052074245
802.3901,1.7301054982
802.4295,1.7591671719
802.4688,1.7925899456
802.5081,1.8308132193
802.5474,1.874258693
802.5832,1.9187647691
802.6189,1.9682200452
802.6547,2.0233227212
802.6904,2.0842250973
802.7262,2.1517912734
802.7619,2.2262112495
802.7976,2.3083005256
802.8333,2.3987696017
802.8602,2.4729531837
802.887,2.5524154658
802.9138,2.6378297479
802.9406,2.72964493
802.9674,2.828353612
802.9942,2.9344962941
803.021,3.0486704762
803.0478,3.1715358582
803.0746,3.3038225403
803.1014,3.4463378224
803.1282,3.5999768044
803.155,3.7657377865
803.1818,3.9447267686
803.2086,4.1381747507
803.2354,4.3474547327
803.2622,4.5740977148
803.2819,4.7527537016
803.3016,4.9424536884
803.3213,5.1440066753
803.3409,5.3571646621
803.3606,5.585046649
803.3802,5.8263566359
803.3999,6.0846626227
803.4195,6.3585376096
803.4392,6.6520735964
803.4588,6.9636875833
803.4785,7.2980815701
803.4981,7.653493557
803.5178,8.0353255438
803.5374,8.4416095307
803.5571,8.8785595175
803.5767,9.3439555044
803.5964,9.8449524912
803.6161,10.381853478
803.6358,10.9574484649
803.6554,11.5714984517
803.6751,12.2334704386
803.6947,12.9400574254
803.7144,13.7021414123
803.734,14.5158883992
803.7537,15.393793386
803.7734,16.3363363728
803.7931,17.3482963596
803.8127,18.4290263465
803.8324,19.5949253333
803.852,20.8397903202
803.8717,22.182322307
803.8913,23.6151962939
803.911,25.1597062807
803.9307,26.8158372676
803.9504,28.5909822544
803.97,30.4828972413
803.9897,32.5189412281
804.0093,34.686781215
804.029,37.0172712018
804.0486,39.4957511887
804.0683,42.1568711755
804.0879,44.9832111624
804.1076,48.0135811492
804.1272,51.2273311361
804.1469,54.6676911229
804.1665,58.3103011098
804.1862,62.2031110966
804.2058,66.3174610835
804.2219,69.8848210727
804.238,73.627971062
804.2541,77.5529710512
804.2702,81.6658410404
804.2863,85.9725310297
804.3024,90.4789710189
804.3185,95.1909410081
804.3345,100.082910997
804.3506,105.221510987
804.3667,110.582200976
804.3828,116.170120965
804.3988,121.953320954
804.4149,128.008710944
804.431,134.305160933
804.4631,147.594260911
804.4828,156.244180898
804.5025,165.276350885
804.5222,174.694680872
804.5418,184.451320859
804.5615,194.647230846
804.5811,205.179170832
804.6204,227.455190806
804.6598,251.31291078
804.6991,276.575550754
804.7384,303.217020727
804.7777,331.122180701
804.817,360.144410675
804.8563,390.105430648
804.9349,451.976040596
805.0136,514.795880543
805.0922,576.005280491
805.1423,613.018380457
805.1923,647.575080423
805.2317,672.682180397
805.271,695.514980371
805.3103,715.846080345
805.3495,733.368880318
805.3778,744.176880299
805.406,753.325780281
805.4342,760.795280262
805.4624,766.535380243
805.5,771.437380218
805.5095,772.172480211
805.5401,773.151780191
805.5706,772.02158017
805.6012,768.79268015
805.6317,763.52278013
805.6788,751.491780098
805.7258,735.025780067
805.7718,714.940180036
805.8177,691.387380005
805.8762,657.005879966
805.9347,618.684779927
805.9807,586.481979896
806.0266,553.099879865
806.1184,484.588509804
806.1644,450.309049773
806.2103,416.686639743
806.2563,383.926479712
806.3022,352.467599681
806.3378,329.069579657
806.3733,306.707439633
806.4088,285.38342961
806.4443,265.148249586
806.4798,246.035509562
806.5153,228.062519538
806.5508,211.232309515
806.5863,195.534959491
806.6093,185.960019476
806.6323,176.84402946
806.6553,168.177279445
806.6782,159.983939429
806.7012,152.180629414
806.7242,144.791219399
806.7472,137.801909383
806.7701,131.226519368
806.7931,124.992609353
806.8161,119.114919337
806.8391,113.577829322
806.862,108.388019306
806.885,103.484749291
806.908,98.8760392757
806.931,94.5467392603
806.9539,90.499079245
806.9811,86.0122592268
807.0082,81.8664792087
807.0354,78.0086671905
807.0625,74.4457771723
807.0897,71.1309871541
807.1168,68.069265136
807.144,65.2195891178
807.1711,62.5856680997
807.1983,60.1317830815
807.2254,57.8608530634
807.2526,55.7419420452
807.2797,53.777540027
807.3069,51.9409590088
807.334,50.2345009907
807.3612,48.6352109725
807.3883,47.1453669544
807.4113,45.955523939
807.4343,44.8289799236
807.4573,43.7612139082
807.4802,42.7523178929
807.5262,40.8740818621
807.5721,39.1749418314
807.6181,37.6240698006
807.664,36.2083337699
807.71,34.9046617392
807.7559,33.7044257085
807.8019,32.5902436777
807.8478,31.556632647
807.8938,30.5902826162
807.9397,29.6878925855
807.9857,28.8390755547
808.0316,28.041986524
808.0776,27.2883374932
808.1235,26.5772444625
808.1695,25.9019474318
808.2154,25.262209401
808.2614,24.6523953703
808.3073,24.0726653396
808.3992,22.9896162781
808.491,21.9988772167
808.5829,21.0859431552
808.6748,20.2417430937
808.7667,19.4577710322
808.8585,18.7276019708
808.9504,18.0435609093
809.0423,17.4012218478
809.1342,16.7960577864
809.2261,16.2241557249
809.318,15.6820646634
809.4099,15.1667826019
809.5018,14.6756505404
809.5937,14.206309479
809.6856,13.7566614175
809.7775,13.324826356
809.8694,12.9091292945
809.9613,12.508055233
810.0532,12.1202285715
810.1451,11.7444120101
810.237,11.3794860486
810.3289,11.0244182871
810.4793,10.4622512865
810.6297,9.9205100859
810.7049,9.6563537355
810.7801,9.3962456852
810.8553,9.1399096349
810.9304,8.8874455847
811.0056,8.6379985344
811.0808,8.3917724841
811.156,8.1486954337
811.2311,7.9090903835
811.3063,7.6724203332
811.3815,7.4392272829
811.4567,7.2098802326
811.5318,6.9852611823
811.6237,6.7177371208
811.6697,6.5875610901
811.7156,6.4607020594
811.7616,6.3371630286
811.8075,6.2181809979
811.8535,6.1041269671
811.8994,5.9966219364
811.9454,5.8966289056
811.9913,5.8063928749
812.0373,5.7278268441
812.0832,5.6641858134
812.1292,5.6188867827
812.1751,5.596779752
812.2211,5.6036307212
812.267,5.6467336905
812.3005,5.7062176681
812.3339,5.7937556457
812.3673,5.9144026234
812.384,5.9888906122
812.4007,6.073864601
812.4174,6.1701765899
812.4341,6.2787445787
812.4508,6.4005535675
812.4675,6.5366545563
812.4842,6.6881765452
812.5009,6.856325534
812.5176,7.0423885228
812.5343,7.2477385116
812.5511,7.4752575004
812.5678,7.7238034892
812.5845,7.9963184781
812.6012,8.2945604669
812.6179,8.6203924557
812.6346,8.9757844445
812.6513,9.3628204334
812.668,9.7836974222
812.6847,10.240737411
812.7014,10.7363793999
812.7181,11.2731883887
812.7348,11.8538573775
812.7515,12.4812063663
812.7682,13.1581873552
812.7849,13.887883344
812.8016,14.6735053328
812.8121,15.1975903258
812.8225,15.7406233188
812.833,16.3139153118
812.8434,16.9074273049
812.8643,18.1810692909
812.8852,19.5690272769
812.9061,21.0790382629
812.927,22.7191532489
812.9479,24.4976552349
812.9687,26.413495221
812.9896,28.493835207
813.0105,30.7387051931
813.0314,33.1571851791
813.0522,35.7455451652
813.0731,38.5378551512
813.094,41.5313451372
813.1149,44.7352051232
813.1357,48.1415851093
813.1608,52.5540050925
813.1859,57.3106150757
813.2089,61.9836550603
813.2319,66.9679950449
813.2549,72.2732150296
813.2778,77.8827650142
813.3008,83.8532349988
813.3238,90.1673449835
813.3468,96.8302149681
813.3697,103.814254953
813.3917,110.854754938
813.4136,118.185694923
813.4356,125.872724909
813.4575,133.843054894
813.4795,142.164764879
813.5014,150.755614865
813.5233,159.64446485
813.5452,168.820724835
813.5911,188.928424805
813.637,210.097814774
813.683,232.193434743
813.729,254.944594712
813.8208,301.226884651
813.8668,324.23962462
813.9127,346.632574589
813.9587,368.146774559
814.0046,388.330974528
814.0443,404.485074501
814.084,419.202674475
814.1299,434.166474444
814.1758,446.667074413
814.2023,452.670174396
814.2288,457.737374378
814.2644,463.019374354
814.3,466.50297433
814.306,466.910374326
814.3253,467.866774313
814.3446,468.2818743
814.3832,467.491374275
814.4119,465.516374255
814.4405,462.394574236
814.4682,458.301974218
814.4959,453.193474199
814.5363,444.011374172
814.5766,432.946874145
814.6321,414.931974108
814.6875,394.226874071
814.743,371.335974034
814.7984,346.940583997
814.8892,305.166353936
814.98,263.255843875
815.0355,238.461693838
815.0632,226.47303382
815.0909,214.794593801
815.1187,203.419743783
815.1464,192.458743764
815.1741,181.893913746
815.2018,171.744103727
815.2371,159.433603703
815.2724,147.84026368
815.3077,136.973673656
815.343,126.833763633
815.3607,122.020743621
815.3783,117.412373609
815.396,112.954163597
815.4136,108.693933585
815.4313,104.580393574
815.4489,100.656813562
815.4665,96.89604355
815.4841,93.2943835382
815.5119,87.9199835196
815.5396,82.9338135011
815.5674,78.2827934825
815.5951,73.9827934639
815.6229,69.9846934453
815.6506,66.2991734268
815.6783,62.8932824083
815.706,59.7492263897
815.7338,56.8394983711
815.7615,54.1680203526
815.7892,51.7074863341
815.8169,49.4421483155
815.8447,47.3497402969
815.8724,45.4310002784
815.9001,43.6646022599
815.9278,42.0378592414
815.9581,40.4043442211
815.9883,38.9140272009
816.0186,37.5437461806
816.0488,36.2904181604
816.0791,35.1346101401
816.1093,34.0738281199
816.1396,33.0918580997
816.1698,32.1868910795
816.2001,31.3454070592
816.2303,30.566244039
816.2606,29.8382000187
816.2908,29.1606589985
816.3211,28.5243009782
816.3513,27.929018958
816.3815,27.3688359378
816.4117,26.8403489176
816.4395,26.379276899
816.4672,25.9419438805
816.495,25.5232998619
816.5227,25.1246888434
816.5782,24.3757778062
816.6336,23.6860687692
816.6891,23.044738732
816.7445,22.447295695
816.8,21.8860356578
816.8554,21.3583816208
816.9109,20.8586015837
816.9663,20.3852955466
817.0218,19.9340475095
817.0772,19.5041684724
817.1327,19.0921554353
817.1881,18.6978683982
817.2436,18.3185283611
817.299,17.954464324
817.3394,17.697723297
817.3797,17.44878527
817.42,17.206958243
817.4603,16.9723362161
817.5007,16.7445961891
817.541,16.5253181621
817.5813,16.3145791351
817.6216,16.1133221082
817.6595,15.9338040828
817.6973,15.7655440575
817.7351,15.6097280322
817.7729,15.4684000069
817.8107,15.3441049817
817.8485,15.2398409564
817.8674,15.1963309437
817.8863,15.1592309311
817.9052,15.1290889184
817.9241,15.1065209058
817.9431,15.0921038931
817.962,15.0866768804
817.9809,15.0909058678
817.9998,15.1055718551
818.0187,15.1315378425
818.0376,15.1697028299
818.0565,15.2210378172
818.0754,15.2865708046
818.0943,15.3673667919
818.1132,15.4645927793
818.1321,15.5794527666
818.151,15.713194754
818.1699,15.8671627413
818.1888,16.0427427287
818.2077,16.2413807161
818.2266,16.4645657034
818.2405,16.6452926941
818.2544,16.8407786848
818.2683,17.0516816755
818.2821,17.2769816663
818.296,17.520604657
818.3099,17.7816616477
818.3238,18.0608796384
818.3376,18.3567266292
818.3515,18.6742286199
818.3654,19.0120086106
818.3793,19.3708216013
818.3931,19.748564592
818.407,20.1514385827
818.4208,20.5743785735
818.4485,21.495246555
818.4763,22.5207265364
818.504,23.6490215178
818.5317,24.8889114993
818.5594,26.2454014808
818.5872,27.7285814622
818.6149,29.3318714436
818.6426,31.0638014251
818.6703,32.9270814066
818.6981,34.931071388
818.7258,37.0623213695
818.7535,39.3277513509
818.7812,41.7261913324
818.809,44.2646613138
818.8367,46.9212612953
818.8644,49.6999112767
818.8921,52.5942612582
818.9426,58.1421812244
818.993,63.9765411907
819.0434,70.033251157
819.0938,76.2230111233
819.1493,83.0703910861
819.2047,89.7920210491
819.2552,95.6850610153
819.3056,101.216150982
819.361,106.747300944
819.366,107.213130941
819.378,108.306450933
819.39,109.363750925
819.4139,111.356700909
819.4417,113.47415089
819.4694,115.354830872
819.4971,116.993230853
819.5248,118.377580835
819.55,119.407980818
819.5788,120.310600799
819.6,120.783930785
819.6081,120.921540779
819.6399,121.229160758
819.6678,121.193150739
819.6955,120.875980721
819.7282,120.145830699
819.7559,119.23297068
819.7836,118.058810662
819.8113,116.633610643
819.839,114.969430625
819.8818,111.960420596
819.9246,108.471090567
819.98,103.34577053
820.0354,97.6719404933
820.1008,90.4798204496
820.1662,82.9926404058
820.2216,76.5966103687
820.277,70.2897703317
820.3324,64.1844202946
820.3601,61.2370102761
820.3878,58.3729902576
820.4155,55.600630239
820.4432,52.9268702205
820.4709,50.357380202
820.4986,47.8965801834
820.5263,45.5476901649
820.554,43.3128101464
820.5817,41.1930101278
820.6093,39.1954101094
820.637,37.3047600908
820.6647,35.5269200723
820.6924,33.8596400538
820.7201,32.3000260352
820.7478,30.8447020167
820.7755,29.4898359982
820.7894,28.8465059889
820.8032,28.2312529797
820.8171,27.6345869704
820.8309,27.0645319611
820.8448,26.5122309518
820.8586,25.9850449426
820.8725,25.4747299333
820.8863,24.9880339241
820.9002,24.5172949148
820.914,24.0686899055
820.9279,23.6351058962
820.9417,23.222186887
820.9556,22.8233508777
820.9694,22.4437528685
820.9833,22.0772998592
820.9971,21.7286858499
821.011,21.3922888406
821.0248,21.0724048314
821.0386,20.7660098222
821.0524,20.4725718129
821.0713,20.0907748003
821.0902,19.7310087876
821.1091,19.392022775
821.128,19.0725997624
821.1469,18.7715787497
821.1658,18.4878547371
821.1847,18.2203557244
821.2035,17.9693687118
821.2224,17.7312466992
821.2413,17.5064476866
821.2602,17.2941076739
821.279,17.0944286613
821.2979,16.9044986487
821.3168,16.724693636
821.3357,16.5543106234
821.3545,16.3935446108
821.3923,16.0941615855
821.4301,15.8230665602
821.4679,15.576380035
821.5056,15.3513318097
821.5434,15.1438479844
821.5811,14.9525372592
821.6189,14.7742756339
821.6566,14.6081929087
821.712,14.3822029716
821.7674,14.1742202346
821.8228,13.9811113975
821.8782,13.8004310605
821.9336,13.6302484234
821.989,13.4690550863
822.0444,13.3156378493
822.0997,13.1692930123
822.2105,12.8935120381
822.3212,12.6374645641
822.432,12.39732159
822.5427,12.1710373159
822.6535,11.9562504418
822.7643,11.7516396676
822.8751,11.5559322935
822.9858,11.3682450195
823.0966,11.1873512453
823.2074,11.0126522712
823.3182,10.8435153971
823.4289,10.679492023
823.6505,10.3641451748
823.872,10.0635604266
824.0935,9.7749027784
824.315,9.4959596302
824.4761,9.2981105224
824.6977,9.0315962742
824.9192,8.770413426
825.1408,8.5130192777
825.3623,8.2584529295
825.5839,8.0053660813
825.8054,7.7529159331
826.027,7.4998269848
826.1378,7.3727614107
826.2485,7.2452904367
826.4097,7.0584712288
826.5708,6.869989921
826.7319,6.6793358133
826.893,6.4861410055
826.9736,6.3884314516
827.0541,6.2901104977
827.1347,6.1909206438
827.2152,6.0911259899
827.2958,5.990547536
827.3763,5.8895776822
827.4569,5.7882414282
827.5374,5.6872859744
827.5903,5.621479439
827.6432,5.5565180036
827.6961,5.4929308682
827.7489,5.4315634329
827.8018,5.3731968975
827.8546,5.3194337622
827.9075,5.2719505268
827.9603,5.2334419915
828.0132,5.2071161561
828.0397,5.1998755383
828.0661,5.1974721207
828.0926,5.200653103
828.119,5.2102530853
828.1454,5.2272450676
828.1718,5.25272305
828.1983,5.2880680322
828.2247,5.3343940146
828.2511,5.3933499969
828.2775,5.4666409793
828.304,5.5565349615
828.3304,5.6644449439
828.3568,5.7929809262
828.3832,5.9446589085
828.4109,6.13169589
828.4386,6.3507048715
828.4525,6.4738198622
828.4663,6.6054468529
828.4802,6.7480088436
828.494,6.8999938344
828.5079,7.0641638251
828.5217,7.2387298159
828.5356,7.4268238066
828.5494,7.6263517973
828.5633,7.840841788
828.5771,8.0678587788
828.591,8.3113687695
828.6048,8.5685547603
828.6187,8.843852751
828.6325,9.1340227418
828.6464,9.4440127325
828.6602,9.7701107232
828.6741,10.1178147139
828.6879,10.4828987047
828.7018,10.8714456954
828.7156,11.2786646862
828.7295,11.7112686769
828.7433,12.1638446676
828.7572,12.6437776583
828.771,13.1449806491
828.7849,13.6755446398
828.7987,14.2286556306
828.8263,15.4169266121
828.8465,16.3589495986
828.8666,17.3597385851
828.8868,18.4316165716
828.9069,19.5662375582
828.9271,20.7770835447
828.9472,22.0541825312
828.9673,23.4052265178
828.9874,24.8319095043
829.0076,26.3434144908
829.0277,27.9260744774
829.0479,29.5966744638
829.068,31.3394644504
829.0882,33.1722444369
829.1083,35.0770644234
829.1284,37.06262441
829.1485,39.1284043965
829.1762,42.105014378
829.2039,45.2286643595
829.2316,48.4942643409
829.2593,51.8952243224
829.287,55.4232743039
829.3147,59.0685442854
829.3701,66.6628842483
829.4356,76.0302142045
829.501,85.5848141607
829.5513,92.9028241271
829.6042,100.408894092
829.6571,107.558554056
829.7124,114.471614019
829.7678,120.640403982
829.8131,125.001663952
829.8408,127.326353933
829.8685,129.370753915
829.8963,131.125833896
829.9239,132.561653878
829.9515,133.681703859
829.9857,134.620043836
830.0,134.862633827
830.0058,134.935683823
830.0245,135.071383811
830.0432,135.054583798
830.0769,134.640693775
830.1195,133.421403747
830.1618,131.465813719
830.2081,128.520053688
830.2505,125.139013659
830.2929,121.167943631
830.3354,116.665733603
830.3779,111.718083574
830.4146,107.149553549
830.4512,102.376393525
830.5244,92.392493476
830.6093,80.5348234192
830.6518,74.6595733908
830.6942,68.9233333624
830.7251,64.8529133418
830.7559,60.9083933212
830.7868,57.0797833005
830.8176,53.4049932799
830.8485,49.8709432592
830.8793,46.5089532386
830.9102,43.3034232179
830.941,40.2791831973
830.9623,38.2887531831
830.9835,36.3899731689
831.0047,34.5730831547
831.0259,32.8376031405
831.0471,31.1826331264
831.0683,29.6070431122
831.0895,28.109433098
831.1107,26.6881530838
831.132,25.3351630696
831.1532,24.0611340554
831.1744,22.8573320412
831.1956,21.721460027
831.2168,20.6510740128
831.238,19.6436889986
831.2592,18.6967119845
831.2804,17.8075619703
831.2997,17.0461699574
831.319,16.3285309444
831.3383,15.6526659315
831.3576,15.0166259186
831.3769,14.4184669057
831.3962,13.8562858928
831.4155,13.3282158799
831.4347,12.834921867
831.454,12.3695008541
831.4733,11.9328778412
831.4926,11.5233908283
831.5119,11.1394288154
831.5312,10.7794508025
831.5505,10.4419697896
831.5698,10.1255687767
831.589,9.8303797638
831.6083,9.5520437509
831.6276,9.290918738
831.6469,9.0458417251
831.6662,8.8157127122
831.6855,8.5994916993
831.7048,8.3961976863
831.7241,8.2049076734
831.7433,8.0256646606
831.7626,7.8557906477
831.7819,7.6954896348
831.8204,7.401534609
831.859,7.1371645832
831.8975,6.8993505574
831.9284,6.7245965367
831.9593,6.5623445161
831.9902,6.4111024954
832.021,6.2700074748
832.0519,6.1370004541
832.0827,6.0119504335
832.1444,5.7806963922
832.2062,5.5702633509
832.2679,5.3770623096
832.3296,5.1975382683
832.3913,5.0292842271
832.4762,4.8129311703
832.5611,4.6111101135
832.646,4.4214380567
832.7308,4.2424399999
832.8157,4.0724939431
832.9005,3.9111358864
832.9854,3.7573618296
833.0702,3.6111107729
833.1551,3.4717617161
833.2399,3.3394966593
833.3248,3.2139766025
833.4096,3.0955805458
833.4945,2.984221489
833.5793,2.8804594323
833.6642,2.7844583755
833.749,2.6969693187
833.8339,2.6184402619
833.9188,2.5497662051
834.0037,2.4918927483
834.0461,2.46737372
834.0885,2.4459817916
834.131,2.4278457632
834.1734,2.4132361348
834.2158,2.4023056064
834.2582,2.3952688781
834.3007,2.3923570497
834.3431,2.3938355213
834.3855,2.3999636929
834.4279,2.4110380646
834.4897,2.4366976232
834.5514,2.4745597819
834.6131,2.5258739407
834.644,2.55705032
834.6748,2.5920097994
834.7057,2.6311766787
834.7365,2.6745093581
834.7674,2.7225145374
834.7982,2.7751186168
834.8291,2.8329185961
834.8599,2.8958116755
834.8908,2.9644944549
834.9216,3.0388303343
834.9641,3.1516474058
835.0065,3.2768805775
835.049,3.416148249
835.0914,3.5699045207
835.1339,3.7401158922
835.1763,3.9273461639
835.2187,4.1334763355
835.2399,4.2441403213
835.2611,4.3601673071
835.2824,4.4823862929
835.3036,4.6098932787
835.3248,4.7435172645
835.346,4.8835422503
835.3672,5.0302582361
835.3884,5.183977222
835.4096,5.3450362078
835.4308,5.5137821936
835.4521,5.6914441793
835.4733,5.8767511652
835.4945,6.070935151
835.5157,6.2744481368
835.5369,6.4877601226
835.5581,6.7113791084
835.5793,6.9458420942
835.6005,7.1917250801
835.6218,7.4508860658
835.643,7.7215460516
835.6642,8.0055930374
835.6854,8.3037710233
835.7066,8.6168790091
835.7278,8.9457679949
835.749,9.2913549807
835.7702,9.6546169665
835.7915,10.0384489523
835.8127,10.4403749381
835.8339,10.8633589239
835.8551,11.3086939097
835.8763,11.7777668956
835.8975,12.2720658814
835.9187,12.7931898672
835.9399,13.342855853
835.9612,13.9257178388
835.9824,14.5382878246
836.0036,15.1853538104
836.0248,15.8691967962
836.046,16.592267782
836.0672,17.3571887678
836.0884,18.1667787537
836.1096,19.0240607395
836.1309,19.9366877252
836.1521,20.899566711
836.1733,21.9205736969
836.1945,23.0036926827
836.2157,24.1531846685
836.2369,25.3735686543
836.2581,26.6697166401
836.2793,28.0467806259
836.3006,29.5174106117
836.3218,31.0736835975
836.343,32.7285365833
836.3642,34.4885895691
836.3855,36.3699895549
836.4067,38.3625395407
836.4279,40.4826895265
836.4491,42.7387595123
836.4704,45.1512094981
836.4916,47.7066594839
836.5128,50.4257994697
836.534,53.3188294555
836.5552,56.3964294414
836.5764,59.6697394272
836.5976,63.150409413
836.6188,66.8505393988
836.6401,70.8018393846
836.6613,74.9802493704
836.6825,79.4172693562
836.7037,84.126739342
836.7249,89.1229293278
836.7461,94.4204193136
836.7673,100.034139299
836.7885,105.979279285
836.8097,112.271219271
836.8309,118.925509257
836.8521,125.957819243
836.8733,133.383699229
836.8945,141.218949214
836.9157,149.4789392
836.9369,158.178929186
836.9581,167.333889172
836.9929,183.385869148
837.0276,200.711149125
837.0623,219.408979102
837.097,239.527289079
837.1318,261.170139056
837.1665,284.243009032
837.2012,308.823919009
837.2359,334.917828986
837.2784,368.922558957
837.3208,405.041258929
837.3632,443.259538901
837.4056,483.442738872
837.4481,525.511498844
837.4905,569.040638816
837.5753,659.630438759
837.6602,752.695858702
837.745,844.669858645
837.7875,889.220458617
837.8299,931.979758589
837.8723,972.55705856
837.9147,1010.46385853
837.9622,1049.1801585
838.0097,1083.34265847
838.0572,1112.40195844
838.1046,1135.8462584
838.1523,1153.46265837
838.2,1164.81405834
838.216,1167.18825833
838.2677,1169.8929583
838.3194,1165.04385826
838.3711,1152.82305823
838.4227,1133.61125819
838.4633,1113.87655816
838.5039,1090.38445814
838.5445,1063.46365811
838.585,1033.55275808
838.6448,984.625958043
838.7045,931.274458004
838.7643,874.638857963
838.824,816.196547924
838.8838,756.968337883
838.9435,698.253887844
839.0032,640.914127804
839.0629,585.749897764
839.1227,533.310187724
839.1526,508.300827704
839.1824,484.239067684
839.2123,460.997267664
839.2422,438.682777644
839.2721,417.312007624
839.3019,396.960237604
839.3305,378.318947585
839.359,360.606477566
839.3875,343.746937547
839.416,327.726647528
839.4445,312.528487508
839.473,298.131567489
839.5015,284.51271747
839.53,271.646317451
839.5586,259.463307432
839.5871,248.020287413
839.6156,237.243267394
839.6441,227.101867375
839.6726,217.565217356
839.7011,208.602617337
839.7296,200.183247318
839.7581,192.277077299
839.788,184.501807279
839.8179,177.225757259
839.8478,170.416767239
839.8777,164.044197219
839.9076,158.078527199
839.9375,152.491747179
839.9674,147.257377159
839.9972,142.366277139
840.0271,137.761987119
840.057,133.439612099
840.0869,129.378250079
840.1167,125.571170059
840.1466,121.974901039
840.1765,118.585978019
840.2064,115.389132999
840.2362,112.379839979
840.277,108.522552951
840.3177,104.950286924
840.3585,101.618385897
840.3992,98.5192298697
840.44,95.6161628424
840.4807,92.9044238152
840.5214,90.3598027879
840.5621,87.9672787607
840.6029,85.7081567334
840.6436,83.5815677062
840.6843,81.5712246789
840.725,79.6676256517
840.7658,77.8580016244
840.8065,76.1435775972
840.8472,74.51299257
840.8879,72.9600895427
840.9477,70.8078265027
841.0074,68.7990524628
841.0672,66.9135354228
841.1269,65.1458313828
841.1867,63.4796853428
841.2464,61.9116193029
841.3062,60.4283212629
841.3659,59.0276542229
841.4257,57.6985461829
841.4854,56.439749143
841.5452,55.241943103
841.6049,54.1045270631
841.6647,53.019519023
841.7244,51.9867859831
841.8439,50.0576319032
841.9634,48.2930968232
842.0829,46.6731327433
842.2024,45.1807896633
842.3219,43.8016995834
842.4414,42.5235085034
842.5609,41.3356164235
842.6804,40.2288213435
842.7999,39.1951072636
842.9194,38.2274841836
843.0389,37.3197951037
843.1584,36.4666310237
843.2779,35.6632041438
843.3974,34.9052845639
843.5169,34.1891067839
843.6364,33.511312304
843.7559,32.868904224
843.8754,32.2591829441
843.9949,31.6797125641
844.1144,31.1283074842
844.2339,30.6029701042
844.3534,30.1018783243
844.4729,29.6234041443
844.5924,29.1660115644
844.7118,28.7287032845
844.9508,27.9075360246
845.1898,27.1513878647
845.4288,26.4527158048
845.6678,25.8050867449
845.9068,25.203000585
846.1458,24.6417274251
846.3848,24.1171866652
846.6237,23.6260267054
846.8302,23.2257854673
847.0366,22.8463400292
847.243,22.4858454911
847.4494,22.142776353
847.6558,21.8157881149
847.8622,21.5036871768
848.0686,21.2054390388
848.275,20.9201070007
848.4814,20.6468402626
848.6878,20.3848624245
849.1006,19.8919479483
849.5134,19.4362077722
849.9262,19.013296296
850.1652,18.7819532361
850.4042,18.5597291762
850.8822,18.1403268564
851.3602,17.7509742366
851.8381,17.3882654169
852.3161,17.0490783971
852.7941,16.7309413773
853.2721,16.4316597576
853.75,16.1493765378
854.0977,15.9537059052
854.4453,15.7656608727
855.1405,15.4104016076
855.6185,15.1804681878
856.0965,14.960699568
856.5745,14.7503032482
857.0525,14.5486027484
857.5305,14.3549213886
858.0085,14.1685848188
858.4865,13.989001489
858.9644,13.8156529693
859.4424,13.6479815195
859.9204,13.4855729598
860.8764,13.1748942602
861.8324,12.8806608506
862.7883,12.6003571111
863.3967,12.428156094
864.005,12.2601799471
864.6134,12.0958809201
865.2217,11.9348541731
865.8301,11.7765863361
866.4384,11.6207067191
867.0467,11.4667765722
867.655,11.3143597552
868.2634,11.1630229482
868.8717,11.0123761012
869.4801,10.8619231142
870.0884,10.7112324672
870.6968,10.5597389702
871.3051,10.4069342933
871.9135,10.2521674762
872.5218,10.0948465793
872.9998,9.9688304495
873.4778,9.8401484697
873.9558,9.7082693599
874.4338,9.5725809001
874.9118,9.4323394203
875.3898,9.2866414905
875.8678,9.1343994107
876.3457,8.974316251
876.6065,8.8830436465
876.8672,8.7886137721
877.1279,8.6905880977
877.3886,8.5885075233
877.6493,8.4818426489
877.91,8.3699794745
878.1707,8.2521920001
878.4314,8.1276155257
878.5944,8.0458211166
878.7573,7.9607262076
878.9203,7.8718885986
879.0832,7.7790368896
879.2462,7.6816249805
879.4091,7.5792819716
879.5721,7.4713347625
879.735,7.3573022535
879.8545,7.2693582736
879.974,7.1774922936
880.0935,7.0814542137
880.213,6.9810896337
880.3325,6.8764704538
880.3923,6.8226789138
880.452,6.7682185738
880.5118,6.7131813338
880.5715,6.6581776939
880.6313,6.6036700539
880.691,6.550799114
880.7617,6.4921332667
880.797,6.465407643
880.8323,6.4411214194
880.8676,6.4199718958
880.9029,6.4028038722
880.9382,6.3906344486
880.9735,6.384685225
881.0088,6.3864098013
881.0441,6.3975330777
881.0794,6.4200920541
881.1147,6.4564736305
881.15,6.5094666069
881.1853,6.5823005833
881.2206,6.6787065596
881.2383,6.7372385478
881.2559,6.802962536
881.2858,6.933594516
881.3157,7.091016496
881.3456,7.278904476
881.3754,7.5004984561
881.3904,7.626380446
881.4053,7.7617074361
881.4203,7.908914426
881.4352,8.0666784161
881.4502,8.237789406
881.4651,8.4206533961
881.48,8.6170843861
881.4949,8.8278183761
881.5099,9.0551863661
881.5248,9.2969483561
881.5398,9.5571723461
881.5547,9.8332293361
881.5697,10.1296953261
881.5846,10.4435033161
881.5995,10.7774693062
881.6144,11.1325162962
881.6294,11.5121902862
881.6443,11.9123952762
881.6593,12.3394892661
881.6742,12.7887702562
881.6892,13.2672862461
881.7041,13.7696702362
881.719,14.3000432262
881.7339,14.8594272162
881.7557,15.7322572017
881.7774,16.6681141871
881.7991,17.6739881726
881.8208,18.7529731581
881.8426,19.9135931435
881.8643,21.148150129
881.886,22.4645991145
881.9077,23.8655991
881.9295,25.3606890854
881.9512,26.9384490709
881.9729,28.6075690563
881.9946,30.3698290418
882.0164,32.2354590272
882.0381,34.1884690127
882.0598,36.2379989982
882.0815,38.3843789837
882.1114,41.5003589637
882.1413,44.7984889437
882.1712,48.2754089237
882.201,51.9133989037
882.2309,55.7296588837
882.2608,59.7029588637
882.2907,63.8218688437
882.3205,68.0583788238
882.3613,74.0426887965
882.402,80.1818687693
882.4835,92.7660087148
882.5378,101.165098678
882.5921,109.385098642
882.6301,114.938018617
882.6681,120.257188591
882.7279,128.009538551
882.7578,131.541718531
882.7876,134.798428511
882.8175,137.776838491
882.8474,140.442798471
882.8773,142.775858451
882.9071,144.752118431
882.937,146.369808411
882.9691,147.68568839
883.0,148.530938369
883.0062,148.650138365
883.0264,148.921018351
883.0465,149.011798338
883.072,148.870718321
883.1034,148.3062883
883.1528,146.563988267
883.2021,143.827648234
883.2335,141.596418213
883.2649,139.010888192
883.3143,134.286918159
883.3637,128.856838126
883.4131,122.839778093
883.4624,116.37487806
883.5073,110.19454803
883.5521,103.847818
883.6418,90.9583779398
883.6912,83.9475579068
883.7405,77.1342178738
883.7899,70.5697178408
883.8146,67.4067778242
883.8392,64.3448278078
883.8751,60.0457877838
883.911,55.9602577597
883.9469,52.0985377357
883.9828,48.4672777117
884.0008,46.7344776997
884.0187,45.0697376877
884.0367,43.4543676756
884.0546,41.9061076637
884.0726,40.4072376516
884.0905,38.9738576397
884.1085,37.5892676276
884.1264,36.2680676156
884.1511,34.5343675991
884.1758,32.9018985826
884.2005,31.3675885661
884.2251,29.9337485496
884.2498,28.5852105331
884.2745,27.3242845166
884.2992,26.1471105
884.3238,25.0540594836
884.3485,24.032292467
884.3732,23.0823954505
884.3979,22.200421434
884.4225,21.3856034175
884.4472,20.627469401
884.4719,19.9256813845
884.4966,19.276580368
884.5212,18.6789453515
884.5358,18.3459123417
884.5504,18.028167332
884.565,17.7250493222
884.5796,17.4359293124
884.5942,17.1601573027
884.6088,16.8971372929
884.6379,16.4086332734
884.6671,15.9625842539
884.6962,15.5579322344
884.7254,15.1880422149
884.7545,14.8519421954
884.7837,14.5440611759
884.8129,14.2626351564
884.8421,14.0049351368
884.8712,13.7692751174
884.9004,13.5518240978
884.9295,13.3520631784
884.9587,13.1668159588
884.9878,12.9957465394
885.0372,12.7323050063
885.0866,12.4977094732
885.136,12.2870036402
885.1853,12.0965223072
885.2347,11.9222271742
885.284,11.7621686412
885.3334,11.6135584081
885.3827,11.4752578752
885.4321,11.3452927421
885.4814,11.2230557091
885.5801,10.9971257431
885.6788,10.7917375771
885.7775,10.602894711
885.8493,10.474223463
885.9211,10.351886715
886.0647,10.1234246189
886.2083,9.9129346228
886.3518,9.7171233268
886.4954,9.5330454307
886.639,9.3587094347
886.7826,9.1923679386
886.9261,9.0326779426
887.0697,8.8781818465
887.2132,8.7280356505
887.4106,8.5267241185
887.608,8.3295588864
887.8054,8.1346631543
888.0028,7.9403316223
888.2002,7.7449632902
888.2989,7.6464087242
888.3976,7.5470197581
888.4963,7.4466082921
888.595,7.3449852261
888.6937,7.2419637601
888.7924,7.137354894
888.9001,7.021179722
889.0078,6.9026614499
889.1155,6.7815832779
889.2231,6.6578853059
889.3308,6.5312177338
889.4385,6.4016921618
889.5462,6.2695533897
889.6,6.2027604537
889.6538,6.1356352177
889.7032,6.0739048847
889.7526,6.0123410516
889.802,5.9512932186
889.8513,5.8913603856
889.9007,5.8329451526
889.95,5.7771534196
889.9994,5.7249194865
890.0487,5.6779918535
890.0981,5.6382033205
890.1474,5.6083518875
890.1968,5.5917335545
890.2461,5.5927945215
890.2708,5.601644505
890.2955,5.6171224884
890.3202,5.6401584719
890.3448,5.6716434554
890.3695,5.7129884389
890.3942,5.7653734224
890.4189,5.8302304059
890.4435,5.9087893894
890.4727,6.0225253699
890.5019,6.1615503503
890.5311,6.3294453308
890.5602,6.5294423113
890.5894,6.7673112918
890.6185,7.0462462723
890.6331,7.2035842626
890.6477,7.3734822528
890.6623,7.556685243
890.6768,7.7525662333
890.6914,7.9646342236
890.706,8.1924302138
890.7206,8.436825204
890.7352,8.6987311943
890.7498,8.9790901845
890.7644,9.2788761747
890.779,9.599098165
890.7935,9.9383831553
890.8081,10.3024791455
890.8227,10.6902251357
890.8373,11.102761126
890.8518,11.5381581163
890.8664,12.0036151065
890.881,12.4974410967
890.8956,13.020891087
890.9101,13.5713360773
890.9348,14.5828040607
890.9595,15.6928500442
890.9842,16.9080490277
891.0088,18.2294770112
891.0335,19.6745959947
891.0582,21.2450429782
891.0829,22.9475229616
891.1075,24.7809529452
891.1322,26.7666929287
891.1569,28.9038129121
891.1816,31.1982928956
891.2062,33.6454528792
891.2309,36.2702828626
891.2556,39.0678128461
891.2803,42.0420028296
891.3049,45.1830228131
891.3319,48.8388627951
891.3588,52.6999727771
891.3857,56.7801827591
891.4126,61.0786627411
891.4396,65.610172723
891.4665,70.336982705
891.4934,75.269532687
891.5203,80.399982669
891.5562,87.537962645
891.5921,94.981872621
891.628,102.696402597
891.6638,110.617422573
891.7222,123.901472534
891.7805,137.400322495
891.8299,148.822172462
891.8792,160.014952429
891.9218,169.3752224
891.9644,178.315602372
892.0138,187.993932339
892.0631,196.737352306
892.1125,204.407752273
892.1619,210.83095224
892.2067,215.46743221
892.2336,217.673692192
892.2807,220.44678216
892.3,221.173072147
892.3078,221.398212142
892.333,221.855102125
892.3582,221.898512109
892.4054,220.873552077
892.453,218.409652045
892.5005,214.581002013
892.5395,210.476291987
892.5784,205.583871961
892.626,198.616081929
892.6735,190.722491897
892.7254,181.207501863
892.7773,170.970371828
892.8249,161.131261796
892.8725,151.030101764
892.9676,130.677341701
893.0152,120.680751669
893.0628,110.970121637
893.1104,101.642931605
893.1579,92.7963515734
893.1969,85.9201415474
893.2358,79.4359815213
893.2747,73.3424514953
893.2942,70.4381114823
893.3136,67.6491614693
893.3331,64.9470414562
893.3526,62.3462414432
893.3721,59.8462614301
893.3915,57.4583514172
893.411,55.1567914041
893.4304,52.9638613911
893.4499,50.8553313781
893.4693,48.8510513651
893.4931,46.5165313492
893.5169,44.3152313333
893.5407,42.2428313173
893.5645,40.2947553014
893.5883,38.4661702855
893.6121,36.7521292696
893.6359,35.1475672537
893.6597,33.6473482377
893.6835,32.2463072218
893.7073,30.9393012059
893.7311,29.72123719
893.7549,28.587086174
893.7787,27.5319151581
893.8025,26.5509431422
893.8263,25.6395081263
893.85,24.7965421104
893.8663,24.2519770995
893.8825,23.7376510887
893.8987,23.2488480778
893.9149,22.784338067
893.9312,22.3402790561
893.9474,21.9209530453
893.9636,21.5224520344
893.9798,21.1437200236
893.9961,20.7815410127
894.0123,20.4393960018
894.0285,20.114042991
894.0447,19.8045849802
894.0771,19.2299479585
894.1095,18.7090379368
894.142,18.2346369151
894.1744,17.8043708934
894.2069,17.4108168717
894.2393,17.05213685
894.2718,16.7223148282
894.3042,16.4199808066
894.3366,16.1411097849
894.369,15.8830507632
894.4166,15.5368637314
894.4642,15.2242953995
894.5118,14.9401257677
894.5594,14.6800562358
894.607,14.440542304
894.6546,14.2186747721
894.7022,14.0120600403
894.7497,13.8191311085
894.7973,13.6374426767
894.8449,13.4660603448
894.94,13.1501737812
895.0352,12.8637468175
895.1303,12.6022508539
895.1996,12.4249470075
895.2688,12.2576874612
895.338,12.0992349149
895.4072,11.9487153686
895.5456,11.668688276
895.684,11.4127849834
895.8224,11.1772070909
895.9608,10.9589677983
896.0992,10.7556384057
896.2376,10.5652050131
896.3415,10.4297153436
896.4453,10.3000791741
896.6529,10.0559226352
896.8605,9.8290628964
897.0681,9.6166760575
897.2757,9.4164757186
897.4833,9.2265756797
897.6909,9.0454053408
897.8985,8.8716425019
898.1754,8.6494947167
898.4522,8.4364248315
898.6426,8.2941387041
898.8329,8.1548256768
899.0232,8.0179667495
899.2135,7.8831579222
899.4038,7.7500360949
899.5941,7.6182661675
899.7844,7.4875406402
899.9747,7.3575776129
900.1651,7.2280450855
900.3554,7.0988338582
900.5457,6.9696444309
900.736,6.8402576036
900.9263,6.7104680763
901.1166,6.580076949
901.3069,6.4488967217
901.4972,6.3167461943
901.7914,6.1101346975
902.0855,5.9002599008
902.3796,5.686494204
902.6737,5.4683267072
902.8208,5.3574112088
902.9679,5.2452299104
903.115,5.131736312
903.262,5.0169711137
903.4091,4.9007478153
903.5561,4.7832038169
903.7032,4.6641741185
903.8502,4.5438297202
904.0405,4.3860181928
904.2308,4.2260460655
904.4211,4.0641250382
904.6114,3.9005749109
904.8017,3.7358586836
904.992,3.5706273563
905.1823,3.405780629
905.2775,3.3238286653
905.3726,3.2425511017
905.5457,3.0968769859
905.6322,3.025605328
905.7187,2.9556803701
905.8052,2.8873980122
905.8917,2.8210970544
905.9782,2.7571729965
906.0647,2.6960769386
906.1512,2.6383338808
906.2377,2.5845538229
906.3242,2.535440765
906.4107,2.4918197072
906.4972,2.4546506493
906.5837,2.4250616914
906.6702,2.4043764335
906.7567,2.3941583757
906.8043,2.3936602438
906.8519,2.397241612
906.8995,2.4052907801
906.9471,2.4182405483
906.9947,2.4365694165
907.0423,2.4608098846
907.0899,2.4915528528
907.1374,2.529371221
907.185,2.5751608891
907.2326,2.6296831573
907.2802,2.6938778254
907.3277,2.7686377937
907.3753,2.8554885618
907.4229,2.95566543
907.4705,3.0707535981
907.518,3.2022839664
907.5613,3.3384754374
907.6045,3.4917173085
907.6478,3.6648261795
907.691,3.8594355506
907.7148,3.9769983347
907.7386,4.1025723188
907.7624,4.2367281028
907.7862,4.3800877869
907.81,4.533329771
907.8338,4.6971897551
907.8576,4.8724707392
907.8814,5.0600487232
907.9052,5.2608767073
907.929,5.4759936914
907.9528,5.7065356755
907.9766,5.9537336595
908.0004,6.2189386436
908.0242,6.5036166277
908.048,6.8093656118
908.0717,7.1364975959
908.0955,7.48966058
908.1193,7.8695845641
908.1431,8.2785085482
908.1669,8.7188665322
908.1907,9.1932975163
908.2145,9.7046645004
908.2383,10.2560644845
908.262,10.8482574686
908.2858,11.4898474527
908.3096,12.1823364368
908.3334,12.9299294208
908.3572,13.7371564049
908.381,14.608878389
908.4048,15.5503093731
908.4286,16.5670293572
908.4523,17.6602093413
908.4761,18.8454133254
908.4999,20.1249583094
908.5237,21.5060472935
908.5475,22.9962812776
908.5713,24.6037312617
908.5951,26.3368712458
908.6189,28.2046612298
908.6426,30.207701214
908.6664,32.3727011981
908.6902,34.7017511821
908.714,37.2055611662
908.7378,39.8951911503
908.7616,42.7821011344
908.7854,45.8781211184
908.8092,49.1953911025
908.8329,52.7309210867
908.8567,56.5271710707
908.8805,60.5825910548
908.9043,64.9101910389
908.9281,69.523061023
908.9519,74.4342810071
908.9757,79.6568909911
908.9995,85.2037809752
909.0232,91.0621509594
909.047,97.2937009434
909.0708,103.886350928
909.0946,110.851460912
909.1184,118.199790896
909.1422,125.94131088
909.166,134.085180864
909.1898,142.639550848
909.2135,151.572920832
909.2373,160.966520816
909.2611,170.7880108
909.2849,181.040600784
909.3087,191.725800768
909.3325,202.843300752
909.3563,214.391420736
909.4038,238.708970705
909.4514,264.726750673
909.499,292.306910641
909.5466,321.325810609
909.5941,351.557910577
909.6417,382.933710546
909.6893,415.158210514
909.7844,480.98641045
909.8796,546.709710386
909.9272,578.636810355
909.9747,609.388510323
910.0223,638.724710291
910.0699,666.215410259
910.116,690.750210228
910.1621,712.926710197
910.1925,726.126510177
910.219,736.642910159
910.2589,750.639210133
910.2988,762.313410106
910.3437,772.542010076
910.3706,777.148210058
910.3951,780.331910041
910.4124,781.99391003
910.4344,783.402910015
910.4614,784.051809997
910.4937,783.266609976
910.5469,778.30570994
910.5849,772.029309915
910.6304,761.629509884
910.6722,749.435509856
910.714,734.868909828
910.7618,715.529909796
910.8096,693.612409764
910.858,669.121809732
910.9064,642.672209699
910.9724,604.112809655
911.0384,563.537209611
911.1352,502.295009546
911.1836,471.638709514
911.232,441.365909482
911.2805,411.683909449
911.3289,382.949299417
911.3773,355.298239384
911.4257,328.892389352
911.4499,316.197069336
911.4741,303.85740932
911.4983,291.883569303
911.5225,280.283859287
911.5467,269.064399271
911.5709,258.229469255
911.5951,247.781599239
911.6193,237.721659222
911.6435,228.048869206
911.6677,218.76090919
911.6919,209.854209174
911.7161,201.323799158
911.7403,193.163819142
911.7645,185.367209125
911.7887,177.926029109
911.8129,170.831509093
911.8372,164.047119077
911.8614,157.618669061
911.8856,151.507089044
911.9098,145.701569028
911.934,140.191049012
911.9582,134.964038996
911.9824,130.00932898
912.0066,125.315328963
912.0308,120.870568947
912.055,116.663638931
912.0792,112.683298915
912.1034,108.918478899
912.1276,105.358328883
912.1518,101.992228866
912.176,98.8098788501
912.2002,95.8012888339
912.22,93.4622088207
912.2398,91.2278588074
912.2596,89.0933227942
912.2794,87.0538027809
912.2992,85.1046907677
912.319,83.2415617544
912.3388,81.4601447412
912.3586,79.7563627279
912.3784,78.1262747147
912.3982,76.5661487015
912.418,75.0723896882
912.4378,73.641572675
912.4774,70.9559016485
912.517,68.484895622
912.5566,66.2066755955
912.5962,64.101569569
912.6358,62.1519415425
912.6754,60.342045516
912.715,58.6578404895
912.7546,57.086841463
912.7942,55.6179634365
912.8338,54.24136941
912.8823,52.6684293776
912.9307,51.2098093452
912.9791,49.8501253128
913.0275,48.5789952804
913.0759,47.3874472481
913.1243,46.2676902157
913.1727,45.2129501833
913.2211,44.2173041509
913.2696,43.2736891185
913.318,42.3814230861
913.3664,41.5344850537
913.4148,40.7293090213
913.4632,39.962717989
913.5116,39.2318629566
913.6084,37.8674038918
913.6657,37.1150978535
913.7229,36.4012718152
913.7801,35.7218147769
913.8373,35.0742477387
913.8945,34.4563297004
913.9517,33.8660106621
914.0661,32.7609575856
914.1805,31.7462025091
914.2949,30.8108914325
914.4093,29.945909356
914.5237,29.1434592795
914.6206,28.5077152146
914.7174,27.9090941499
914.8142,27.3438310851
914.911,26.8091470203
915.0078,26.3025759556
915.1046,25.8219069908
915.2014,25.3651588261
915.2982,24.9305468613
915.3951,24.5160462965
915.4919,24.1210522317
915.5887,23.743784967
915.6855,23.3830550022
915.7823,23.0377561374
915.8791,22.7068739727
916.0727,22.0847545432
916.2664,21.5098943136
916.46,20.9773627841
916.6536,20.4821242545
916.8472,20.020154525
917.0409,19.5877207954
917.2345,19.1822639659
917.4281,18.8008963364
917.6217,18.4412600069
917.8066,18.1161801832
917.9914,17.8075819595
918.1762,17.5138436359
918.361,17.2336802122
918.5459,16.9658350885
918.7307,16.7095650649
918.9155,16.4638166413
919.1003,16.2277621177
919.2852,16.000516894
919.47,15.7816277703
919.6548,15.5703223467
919.8396,15.3659988231
920.0244,15.1681203994
920.2092,14.9761547758
920.5788,14.6080749285
920.8605,14.3399828401
921.1421,14.0811627517
921.4237,13.8302150633
921.7053,13.5858817749
921.987,13.3468934864
922.2686,13.112235298
922.5502,12.8806429096
922.8318,12.6509114212
923.0783,12.4503545563
923.3247,12.2494512915
923.5711,12.0471520266
923.8175,11.8423746618
924.064,11.6338224969
924.3104,11.420283832
924.5568,11.2001086672
924.68,11.0869594848
924.8032,10.9714307023
924.9529,10.8274258022
925.1025,10.6790067021
925.2521,10.525432602
925.4017,10.3659983019
925.5514,10.1997721018
925.701,10.0261253017
925.7758,9.9361922517
925.8506,9.8440434016
925.9254,9.7495908516
926.0002,9.6527797015
926.0971,9.5238825367
926.1939,9.3914973719
926.2907,9.2563938072
926.3391,9.1883854748
926.3875,9.1205720424
926.4359,9.05351591
926.4843,8.9879749777
926.5327,8.9249736453
926.5811,8.8658655129
926.6295,8.8124261805
926.6779,8.7669593481
926.7263,8.7324236158
926.7747,8.7125797834
926.8055,8.7097204628
926.8363,8.7161610422
926.8671,8.7335700216
926.8979,8.7638510009
926.9287,8.8091699803
926.9595,8.8719729597
926.9903,8.9550179391
927.0211,9.0613949185
927.0519,9.1945558979
927.0827,9.3583368773
927.1135,9.5569788567
927.1289,9.6708138464
927.1443,9.7951498361
927.1597,9.9306388258
927.1751,10.0779618155
927.1905,10.2378308052
927.2059,10.4109847949
927.2213,10.5981937846
927.2367,10.8002537743
927.2521,11.017995764
927.2675,11.2522747537
927.2918,11.6577387374
927.316,12.1082507212
927.3402,12.609129705
927.3644,13.1642786889
927.3886,13.7777486727
927.4128,14.4537236565
927.437,15.1965056403
927.4612,16.0104956241
927.4854,16.9001726079
927.5096,17.8700675917
927.5338,18.9247285755
927.558,20.0687075593
927.5822,21.3064925431
927.6064,22.642518527
927.6306,24.0810685108
927.6548,25.6262784946
927.6735,26.8958484821
927.6922,28.2331584696
927.7109,29.639808457
927.7296,31.1172584445
927.7483,32.666868432
927.767,34.2898184195
927.7857,35.987128407
927.8044,37.7596683945
927.8231,39.608068382
927.8418,41.5327883695
927.8792,45.6117883445
927.9166,49.9954983194
927.954,54.6785382944
927.9782,57.8637582782
928.0024,61.166448262
928.0266,64.5819382458
928.0508,68.1046782297
928.0992,75.4449581973
928.1476,83.1242081649
928.185,89.2416981399
928.2224,95.4739381149
928.2972,108.094118065
928.3412,115.479148035
928.3852,122.722918006
928.4336,130.413707974
928.482,137.688877941
928.5304,144.421337909
928.5788,150.489587876
928.6272,155.781567844
928.6646,159.275917819
928.6888,161.239637803
928.713,162.958717787
928.7372,164.42522777
928.773,166.117787746
928.8,167.009357728
928.8068,167.181047724
928.8288,167.589987709
928.8507,167.774057695
928.8784,167.688437676
928.9125,167.098207653
928.9394,166.260847635
928.9662,165.108037617
929.0198,161.886257581
929.0539,159.235887559
929.088,156.153067536
929.1416,150.5148175
929.1952,144.036387464
929.2488,136.875777428
929.3024,129.198067392
929.3998,114.461097327
929.4972,99.503617262
929.5509,91.4622472261
929.6045,83.7254171902
929.6313,79.9942371723
929.6581,76.3672971544
929.6849,72.8526071364
929.7117,69.4568671185
929.7507,64.7388470924
929.7897,60.2966770663
929.8092,58.1815770533
929.8287,56.1379070402
929.8482,54.1659070272
929.8676,52.2751370142
929.8871,50.4458470012
929.9066,48.6875069881
929.9261,46.9994369751
929.9456,45.380756962
929.9651,43.830436949
929.9846,42.3472669359
930.0041,40.9299269229
930.0235,39.5837049099
930.0503,37.825869892
930.0771,36.182249874
930.1039,34.6481878561
930.1307,33.2188458382
930.1575,31.8892118203
930.1843,30.6542208023
930.2111,29.5087407844
930.2245,28.9679787754
930.2379,28.4476637665
930.2513,27.9471917575
930.2647,27.4659277485
930.2781,27.0032577396
930.2915,26.5585547306
930.3049,26.1312197216
930.3183,25.7206767127
930.3317,25.3263187037
930.3451,24.9475826948
930.3719,24.2347186768
930.3987,23.5777056589
930.4255,22.972381641
930.4523,22.414757623
930.4682,22.1049356124
930.484,21.8116386018
930.4999,21.5304445912
930.5157,21.2641825806
930.5474,20.7669795594
930.579,20.3164005383
930.6107,19.9049935171
930.6424,19.5300804959
930.6741,19.1878334746
930.7057,18.8757344535
930.7374,18.5886974323
930.7691,18.3249254111
930.8008,18.0819092899
930.8324,17.8580663687
930.8641,17.6499867475
930.8957,17.4571862264
930.9274,17.2768885052
930.959,17.108811184
931.0126,16.8469726482
931.0662,16.6100827123
931.1198,16.3940568765
931.1734,16.1955998406
931.227,16.0120672047
931.2806,15.8413227689
931.3342,15.681627433
931.3878,15.5315886972
931.495,15.2560811254
931.6022,15.0077834537
931.7094,14.781736982
931.8165,14.5745103103
931.8945,14.4336795582
931.9725,14.300372006
932.1284,14.0536485017
932.2843,13.8294077974
932.4402,13.6239774931
932.5961,13.4344924888
932.752,13.2586599845
932.9079,13.0946153802
933.0638,12.9408095759
933.2782,12.7437430325
933.4926,12.5609697891
933.707,12.3903393456
933.9213,12.2301842022
934.1357,12.0789178588
934.3501,11.9354237154
934.5645,11.7986900719
934.7788,11.6679198285
935.1686,11.4428359677
935.5584,11.231261707
935.9482,11.0304364462
936.338,10.8381565854
936.7278,10.6526003246
937.1176,10.4722435639
937.5074,10.2957325031
937.8971,10.1219279424
938.3259,9.9324894555
938.7547,9.7436307686
939.1835,9.5540607818
939.6122,9.3625402949
940.041,9.1676598081
940.4697,8.9681107212
940.8985,8.7622880344
941.3272,8.5486145476
941.5806,8.4178383781
941.834,8.2831959085
942.0874,8.144184239
942.3407,8.0002998695
942.5941,7.8508131
942.8474,7.6951628305
943.1008,7.532471561
943.3541,7.3620268916
943.5588,7.2179292546
943.7634,7.0676291177
943.9681,6.9103704808
944.1727,6.7456447439
944.3774,6.572570907
944.4797,6.4827399385
944.582,6.3905512701
944.6843,6.2959050017
944.7866,6.1986987332
944.8889,6.0988326648
944.9912,5.9962115963
945.0984,5.8856209246
945.2056,5.7718217529
945.3128,5.6547517812
945.42,5.5343849095
945.5272,5.4107525377
945.6344,5.283972266
945.7416,5.1543027943
945.8487,5.0223181226
945.9559,4.8885590509
946.0095,4.8214509151
946.0631,4.7544977792
946.1167,4.6880204433
946.1703,4.6224366075
946.2239,4.5582992716
946.2775,4.4963287358
946.3311,4.4374794999
946.3847,4.383002364
946.4383,4.3345439282
946.4919,4.2942658923
946.5455,4.2649948565
946.5991,4.2504158206
946.6527,4.2553097847
946.6795,4.2669227668
946.7063,4.2858437489
946.738,4.3190967277
946.7697,4.3660147065
946.8014,4.4288686853
946.833,4.5099726641
946.8647,4.6128066429
946.8964,4.7405366217
946.9281,4.8970126005
946.9597,5.0859445794
946.9756,5.1949625687
946.9914,5.3134285582
947.0073,5.4435545475
947.0231,5.5844505369
947.039,5.7386995263
947.0548,5.9051975157
947.0706,6.0857485052
947.0864,6.2812794946
947.1023,6.494151484
947.1181,6.7227164734
947.1339,6.9693354628
947.1497,7.2351344523
947.1656,7.5231734416
947.1814,7.831071431
947.1972,8.1618664205
947.213,8.5169084099
947.2264,8.8380674009
947.2398,9.178568392
947.2532,9.539334383
947.2666,9.921317374
947.28,10.3254993651
947.2934,10.7528963561
947.3068,11.2045503471
947.3202,11.6815393382
947.3336,12.1849643292
947.347,12.7159633203
947.3604,13.2756993113
947.3738,13.8653633023
947.3872,14.4861792934
947.4006,15.1393932844
947.414,15.8262792754
947.4274,16.5481362665
947.4408,17.3062902575
947.4542,18.1020842485
947.4676,18.9368852396
947.481,19.8120832306
947.4944,20.7290802216
947.5078,21.6892982127
947.5212,22.6941722037
947.5346,23.7451481947
947.548,24.8436751858
947.5614,25.9912051768
947.5748,27.1892351679
947.5882,28.4391951589
947.6016,29.7425751499
947.615,31.100815141
947.6284,32.515375132
947.6417,33.9764751231
947.6686,37.1112251051
947.6954,40.4825450872
947.7222,44.1122950692
947.749,48.0105350513
947.7758,52.1865950334
947.8026,56.6489250155
947.8294,61.4049249975
947.8562,66.4607549796
947.883,71.8212749617
947.9098,77.4897249437
947.9366,83.4677149258
947.9634,89.7549949079
947.9902,96.3492648899
948.017,103.246154872
948.0438,110.438994854
948.0705,117.890304836
948.1071,128.545964812
948.1436,139.646954787
948.1802,151.208134763
948.2167,163.111534738
948.2703,181.132454703
948.3239,199.584394667
948.4311,236.668844595
948.4847,254.676874559
948.5382,271.853034523
948.5748,282.969924499
948.6114,293.449084474
948.6649,307.408314439
948.7185,319.509974403
948.7721,329.463084367
948.8,333.719284348
948.8278,337.29688433
948.8612,340.691184307
948.8945,343.067984285
948.9,343.362384281
948.9056,343.633484277
948.9237,344.310584265
948.9418,344.683284253
948.9779,344.517784229
949.0142,343.139684205
949.0505,340.569284181
949.088,336.700114155
949.1254,331.665984131
949.1629,325.506214105
949.2004,318.31121408
949.2516,306.977534046
949.3027,294.155724012
949.3402,283.941173987
949.3777,273.168103962
949.4526,250.422283912
949.6026,202.934613811
949.6674,182.842233768
949.6998,173.089353746
949.7321,163.616083725
949.7645,154.398773703
949.7968,145.524133681
949.8292,136.96164366
949.8615,128.784013638
949.8991,119.734723613
949.9366,111.228053588
949.9741,103.247403563
950.0116,95.7940635376
950.0304,92.254593525
950.0491,88.8632035125
950.0679,85.5821534999
950.0866,82.4446734874
950.1054,79.4152134749
950.1241,76.5238234623
950.1429,73.7371334498
950.1616,71.0822034373
950.1872,67.6317434201
950.2128,64.387223403
950.2384,61.3407933859
950.2639,58.4950843688
950.2895,55.8194453517
950.315,53.3263363346
950.3406,50.9876663175
950.3661,48.8132183004
950.3917,46.7774642833
950.4172,44.8880012663
950.4428,43.1218342491
950.4683,41.4848212321
950.4939,39.9563792149
950.5194,38.5410211979
950.545,37.2204451808
950.5705,35.9981211637
950.5893,35.1526541511
950.608,34.3557871386
950.6268,33.596616126
950.6455,32.8809401135
950.6643,32.1989011009
950.683,31.5556770884
950.7018,30.9423860759
950.7205,30.3636360633
950.7393,29.8114260508
950.758,29.2899040383
950.7768,28.7918540257
950.7955,28.3210240132
950.8143,27.8709050006
950.833,27.4449029881
950.8704,26.6527139631
950.9079,25.930610938
950.9454,25.2722619129
950.9829,24.6701388878
951.0204,24.1175848627
951.0579,23.6087758376
951.0954,23.1386158125
951.1329,22.7026647875
951.1703,22.2980797624
951.2112,21.8862287351
951.2521,21.5026727077
951.293,21.1441736803
951.3339,20.807933653
951.3748,20.4915736256
951.4157,20.1930173983
951.4566,19.9105043709
951.4975,19.6424996435
951.5793,19.1448536888
951.6611,18.6913503341
951.7429,18.2752564794
951.8247,17.8913108246
951.8997,17.5639121745
951.9747,17.2573070243
952.0497,16.9692637741
952.1247,16.6978813239
952.1997,16.4415164738
952.2747,16.1987560236
952.3497,15.9683517734
952.4246,15.7494889233
952.4996,15.5406227731
952.5746,15.3411749229
952.7245,14.9677581227
952.8745,14.6233990223
953.0244,14.304137822
953.1471,14.0587227399
953.2698,13.8257559578
953.3925,13.6037841757
953.5152,13.3916824936
953.6379,13.1888265116
953.6993,13.0908198705
953.7606,12.9954983295
953.822,12.9028425884
953.8833,12.8136211474
953.9446,12.7284008064
954.0059,12.6481710653
954.0605,12.5820196288
954.115,12.5222984924
954.1696,12.4703962558
954.2241,12.4285462194
954.2787,12.3990733828
954.306,12.3899315646
954.3332,12.3851036464
954.3605,12.3849967281
954.3877,12.3901284099
954.415,12.4010788917
954.4422,12.4183391735
954.4695,12.4426559552
954.4968,12.4746477369
954.5241,12.5150065187
954.5513,12.5642535005
954.5786,12.6235344822
954.6058,12.693198464
954.6331,12.7745754457
954.6603,12.8679224276
954.6876,12.9747614093
954.7149,13.095658391
954.7422,13.2314863728
954.7694,13.3825293546
954.7967,13.5507633363
954.8239,13.7357543181
954.8512,13.9396872998
954.8784,14.1618052816
954.9074,14.4202162622
954.9364,14.7016452428
954.9654,15.0067372234
954.9943,15.3348472041
955.0233,15.6886141847
955.0523,16.0671851653
955.0813,16.4706061459
955.1102,16.8972171266
955.1392,17.3496361072
955.1682,17.8258770878
955.1972,18.3251280684
955.2261,18.844528049
955.2841,19.9474620102
955.342,21.1176519715
955.4034,22.4148399304
955.4647,23.7430898894
955.5261,25.0775698483
955.5874,26.3816498073
955.6249,27.1508597822
955.6624,27.8887297571
955.6999,28.5873397321
955.7373,29.237309707
955.7749,29.8362496819
955.8124,30.3722696568
955.8397,30.7203396385
955.8669,31.0293496203
955.9043,31.3891495953
955.9316,31.601989577
955.9333,31.6138195759
955.938,31.6456295728
955.9427,31.6761495696
955.952,31.7326695634
955.97,31.8274095514
955.9845,31.8895395417
956.0,31.9417995313
956.0156,31.9795495209
956.0357,32.0061295074
956.0524,32.0092794962
956.0737,31.988399482
956.1071,31.8997594596
956.1404,31.7444294374
956.1738,31.523199415
956.2072,31.2388393927
956.2527,30.7552393622
956.2982,30.1690593318
956.3346,29.6333493074
956.371,29.0448092831
956.4438,27.7352492344
956.5106,26.4169891897
956.5773,25.0331191451
956.6441,23.6204791004
956.7108,22.2206330558
956.7715,20.9834070151
956.8019,20.3836699948
956.8322,19.8020189745
956.8626,19.2364299542
956.8929,18.6921849339
956.9232,18.1686439137
956.9535,17.6668108934
956.9839,17.185900873
957.0142,16.7295668528
957.0446,16.2950808324
957.0749,15.8853898122
957.1053,15.4976537918
957.1356,15.1341367716
957.1659,14.7930967513
957.1962,14.473940731
957.2205,14.2333417148
957.2448,14.0059906985
957.2691,13.7914486822
957.2933,13.5900696661
957.3176,13.3997106498
957.3419,13.2207306335
957.3662,13.0526376173
957.3904,12.8955296011
957.4147,12.7476005848
957.439,12.6090035686
957.4633,12.4792355523
957.4875,12.3582730361
957.5118,12.2446313199
957.5361,12.1383220036
957.5604,12.0389095874
957.5846,11.9462885712
957.6089,11.8592752549
957.6332,11.7778523387
957.6817,11.6304663062
957.7303,11.5005876737
957.7788,11.3861387413
957.8274,11.2843424087
957.8759,11.1936026763
957.9244,11.1119665438
957.9729,11.0379548114
958.0154,10.978372683
958.0579,10.9229498545
958.1428,10.8223886977
958.2278,10.7321768409
958.3127,10.6497999841
958.3977,10.5731198272
958.4826,10.5009827704
958.6525,10.3664883567
958.8224,10.2415613431
958.9923,10.1236340294
959.1622,10.0111299157
959.3321,9.9029840021
959.6719,9.6968133747
960.0117,9.5006537474
960.3515,9.3115022201
960.6913,9.1271423928
961.0069,8.9586688816
961.3224,8.7916979706
961.6379,8.6251514595
961.9534,8.4580861484
962.269,8.2895380373
962.5845,8.1187010262
962.9,7.9445778151
963.2155,7.766170504
963.4583,7.6252735416
963.701,7.4807088792
963.9437,7.3318166169
964.1864,7.1779253545
964.4291,7.0182747921
964.6718,6.8519966297
964.7932,6.7660297485
964.9145,6.6780919674
965.0359,6.5878905862
965.1572,6.495417105
965.2907,6.3907471157
965.4242,6.2828427264
965.5577,6.1715367371
965.6912,6.0567976478
965.8247,5.9389257584
965.8915,5.8790641138
965.9582,5.8190387691
966.025,5.7591036244
966.0917,5.7001056798
966.1584,5.6429577352
966.2251,5.5891309906
966.2707,5.5553062601
966.3162,5.5249797296
966.3617,5.4992108992
966.4072,5.4794219687
966.4527,5.4673721383
966.4982,5.4652291079
966.5437,5.4756328774
966.5892,5.501777547
966.612,5.5219704317
966.6348,5.5476125165
966.6576,5.5792991012
966.6803,5.617491386
966.7031,5.6632233708
966.7258,5.7168403556
966.7486,5.7796233403
966.7713,5.8518883252
966.7941,5.9352033099
966.8168,6.0298272947
966.8396,6.1376562795
966.8623,6.2588662643
966.8851,6.395720249
966.9078,6.5482752338
966.9306,6.7192052186
966.9533,6.9084032034
966.97,7.0605501922
966.9867,7.224351181
967.0034,7.4004221699
967.0201,7.5893981587
967.0368,7.7919311475
967.0535,8.0086841364
967.0702,8.2403401252
967.0868,8.4860611141
967.1035,8.7495121029
967.1202,9.0299740917
967.1369,9.3281700806
967.1536,9.6448320694
967.1703,9.9806910582
967.187,10.336487047
967.2037,10.7129550359
967.2203,11.1083840248
967.237,11.5282620136
967.2537,11.9709940024
967.2704,12.4372909912
967.2871,12.9278499801
967.3038,13.4433469689
967.3205,13.9844429577
967.3372,14.5517719466
967.3538,15.1423009355
967.3872,16.4130789131
967.4206,17.7976128908
967.454,19.2993458684
967.4873,20.9158838461
967.5207,22.6586038238
967.5541,24.5234278015
967.5875,26.5097647791
967.6208,28.6092117568
967.6542,30.8310517345
967.6876,33.1643317121
967.721,35.6026416898
967.7543,38.1302116675
967.8089,42.457311631
967.8635,46.9655415945
967.9181,51.5919915579
967.9727,56.2635515214
968.0395,61.9204014767
968.1062,67.3523314321
968.1729,72.3999913875
968.2063,74.7309013651
968.2397,76.9036313428
968.2716,78.8135813214
968.3035,80.5463513001
968.3368,82.1507612778
968.3702,83.5358912555
968.4035,84.6809012332
968.4278,85.3617212169
968.4444,85.7497712058
968.4633,86.1141911932
968.4948,86.5359211721
968.5014,86.5946211677
968.5053,86.6244611651
968.5139,86.6775111593
968.5224,86.7126811536
968.5394,86.7315411423
968.5624,86.6479111269
968.5848,86.4463811119
968.6274,85.7405710834
968.672,84.5611010536
968.7208,82.7801910209
968.7655,80.730950991
968.8101,78.3246209612
968.8548,75.5911209313
968.8994,72.5872009014
968.936,69.9487508769
968.9725,67.1904608525
969.0456,61.3921408036
969.135,54.0610007438
969.1797,50.3996107139
969.2243,46.8020106841
969.2609,43.9154206596
969.2974,41.1135306352
969.334,38.3953606107
969.3705,35.7878305863
969.4071,33.2865505618
969.4436,30.9128705374
969.4801,28.6653905129
969.5166,26.5477804885
969.541,25.2055704722
969.5654,23.9223704559
969.5898,22.6980004395
969.6141,21.5366814233
969.6385,20.428116407
969.6628,19.3804593907
969.6872,18.3839453744
969.7115,17.4454143581
969.7359,16.5556453418
969.7603,15.7169883255
969.7847,14.9277003091
969.809,14.1889002929
969.8334,13.4926132766
969.8577,12.8426182603
969.8821,12.231595244
969.9064,11.6625792277
969.9308,11.1289032114
969.9552,10.6310151951
969.9796,10.1669711788
970.0039,9.7365731625
970.0283,9.3344321462
970.0526,8.9620661299
970.077,8.6146861136
970.1013,8.2935000973
970.1237,8.0179770823
970.146,7.7620870674
970.1684,7.5224420524
970.1907,7.3001640375
970.2131,7.0922970225
970.2354,6.8998120076
970.2577,6.7209279927
970.28,6.5548999778
970.3024,6.4003859628
970.3247,6.2581539479
970.3471,6.1263889329
970.3694,6.005801918
970.3918,5.894912903
970.4141,5.7943968881
970.4364,5.7034908731
970.4587,5.6220288582
970.4811,5.5496198432
970.5034,5.4868998283
970.5258,5.4333778133
970.5481,5.3896907984
970.5705,5.3556887834
970.5928,5.3320137685
970.6151,5.3189147536
970.6374,5.3169187387
970.6598,5.3267227237
970.6821,5.3489767088
970.7044,5.3845426939
970.7267,5.4343886789
970.7491,5.4999306639
970.7714,5.581808649
970.7937,5.6816406341
970.816,5.8009306192
970.8313,5.894881609
970.8465,5.9986305988
970.8618,6.1141525886
970.877,6.2405835784
970.8923,6.3802745681
970.9075,6.532122558
970.9227,6.6977595478
970.9379,6.8779875376
970.9532,7.0749905274
970.9684,7.2870885172
970.9836,7.5164505071
970.9988,7.7640584969
971.0141,8.0327634867
971.0293,8.3201364765
971.0445,8.6289954663
971.0597,8.9605194562
971.075,9.3183554459
971.0902,9.6991154358
971.1054,10.1063904256
971.1206,10.5415654154
971.1359,11.0092374052
971.1511,11.504791395
971.1663,12.0327343848
971.1815,12.5946633747
971.1968,13.1962843644
971.212,13.8314443543
971.2272,14.5057143441
971.2424,15.2208993339
971.2577,15.9839863237
971.2729,16.7869143135
971.2881,17.6364733034
971.3033,18.5346712932
971.3236,19.8135992796
971.3439,21.187854266
971.3642,22.6625042524
971.3845,24.2427062389
971.4048,25.9337092253
971.4251,27.7408292117
971.4454,29.6694291981
971.4657,31.7248691845
971.486,33.912519171
971.5063,36.2377491574
971.5266,38.7058291438
971.5469,41.3219691302
971.5672,44.0912791166
971.5875,47.0186591031
971.6078,50.1088990895
971.6281,53.3664990759
971.6545,57.8603690582
971.6809,62.6531190406
971.7073,67.7523990229
971.7337,73.1646390052
971.7601,78.8950089876
971.7865,84.9471789699
971.8129,91.3231889523
971.8393,98.0233389346
971.8617,103.96133892
971.884,110.101348905
971.9063,116.46613889
971.9286,123.051348875
971.9733,136.891338845
972.0179,151.499788815
972.0484,161.909058795
972.0789,172.623458774
972.1398,194.782678734
972.2291,228.485688674
972.3185,262.472908614
972.3632,279.083418584
972.4078,295.130608554
972.4525,310.477568524
972.4971,324.848938494
972.5418,338.108628465
972.5864,350.008518435
972.6392,362.143368399
972.6838,370.57076837
972.7169,375.666768348
972.75,379.729868325
972.8,383.843568292
972.8063,384.186068288
972.8266,385.019368274
972.8469,385.439668261
972.8875,385.041468233
972.9169,383.730768214
972.9463,381.575768194
973.0028,375.140358156
973.0439,368.657388129
973.0849,360.786588101
973.1414,347.856698063
973.1979,332.824588026
973.2544,316.066317988
973.3108,298.01187795
973.4135,263.037497881
973.5162,227.290557813
973.5727,208.029897775
973.6292,189.413367737
973.6575,180.402557718
973.6857,171.663787699
973.7139,163.18495768
973.7421,154.982977662
973.7806,144.256967636
973.8191,134.09961761
973.8576,124.528437584
973.8961,115.552367559
973.9346,107.172497533
973.9539,103.19445752
973.9731,99.3829875071
973.9924,95.6967174941
974.0116,92.1718574813
974.0309,88.7693974684
974.0501,85.5220574555
974.0784,80.9797274366
974.1066,76.7341474177
974.1349,72.7447873988
974.1631,69.0288173799
974.1914,65.548357361
974.2196,62.3162003421
974.2478,59.3076283233
974.276,56.5106143044
974.3043,53.9042992855
974.3325,51.4951852666
974.3608,49.2544462477
974.389,47.1865162288
974.4173,45.2656222099
974.4455,43.494682191
974.4737,41.8564441721
974.5019,40.3411801533
974.5302,38.9348561343
974.5584,37.6386521155
974.5867,36.4350560965
974.6149,35.3248070777
974.6432,34.2927410588
974.6714,33.3393740399
974.6996,32.454648021
974.7278,31.6327530022
974.7561,30.8656979832
974.7843,30.1539519644
974.8125,29.4901419455
974.8407,28.8700999266
974.869,28.2880309077
974.8972,27.7445358888
974.9254,27.23433387
974.9536,26.7545298511
974.9819,26.3009338322
975.0101,25.8743798133
975.0384,25.4696547944
975.0666,25.0876627755
975.0949,24.7239307566
975.1231,24.3794047377
975.1795,23.7384617
975.236,23.1525646622
975.2925,22.6147776244
975.349,22.1184255866
975.4054,21.6588505488
975.4619,21.229933211
975.5184,20.8287944732
975.5749,20.4523345354
975.6313,20.0985404977
975.6878,19.7639638599
975.7442,19.4479005222
975.8007,19.1476154844
975.8571,18.8627550466
975.9701,18.332009271
976.083,17.8483714955
976.196,17.4044463199
976.3089,16.9957304444
976.4219,16.6171175688
976.5348,16.2656461932
976.6478,15.9376293176
976.7607,15.6310411421
976.8686,15.3557147699
976.9764,15.0961935978
977.0842,14.8507456257
977.192,14.6180754536
977.2998,14.3970698814
977.4076,14.1866943093
977.5154,13.9860801372
977.6232,13.7944221651
977.8388,13.4351994208
978.0544,13.1041857766
978.27,12.7973881324
978.4856,12.5115324881
978.7321,12.2068671232
978.9785,11.9226999584
979.2249,11.6560906935
979.4713,11.4046684287
979.7178,11.1663308638
979.9642,10.9395667989
980.2106,10.7227704341
980.457,10.5146502692
980.7035,10.3139813043
980.9499,10.1199412395
981.1963,9.9315942746
981.4427,9.7481740098
981.6892,9.5689231449
981.9356,9.39335618
982.182,9.2208213152
982.4284,9.0507839503
982.8802,8.7438542481
983.332,8.4408417458
983.7838,8.1391753436
984.0097,7.9880870924
984.2355,7.8365074414
984.4614,7.6840120903
984.6873,7.5303831391
984.9132,7.375337088
985.139,7.2186602369
985.3649,7.0599274858
985.5908,6.8989204347
985.8167,6.7353407835
986.0425,6.5689539325
986.2684,6.3992973813
986.4943,6.2261192302
986.7202,6.0490960791
986.9461,5.867906128
987.172,5.6822338768
987.3979,5.4917706257
987.6238,5.2962215746
987.8497,5.0953195234
988.0756,4.8888357723
988.3015,4.6766114212
988.4145,4.5682746456
988.5274,4.45858907
988.6404,4.3473768944
988.7533,4.2348672189
988.8663,4.1209108433
988.9792,4.0057785678
989.0922,3.8893624922
989.2051,3.7719960167
989.3181,3.6536381411
989.431,3.5347108655
989.5439,3.41538269
989.6568,3.2959947145
989.78,3.166158132
989.9032,3.0374811496
990.0264,2.9108772672
990.1496,2.7875153848
990.2728,2.6689017024
990.396,2.5569778199
990.4576,2.5042848787
990.5192,2.4542646375
990.5808,2.4073559963
990.6424,2.3640623551
990.7451,2.3015482864
990.8478,2.2540512177
990.8992,2.2372071833
990.9505,2.225842049
991.0018,2.2206582146
991.0531,2.2225196803
991.1045,2.2324514459
991.1558,2.2515828116
991.2072,2.2813592772
991.2585,2.3232797429
991.3099,2.3794257085
991.3612,2.4518562742
991.4125,2.5433880399
991.4382,2.5974244227
991.4638,2.6572895056
991.5101,2.7825534746
991.5332,2.8541168591
991.5563,2.9323548437
991.5794,3.0178009282
991.6025,3.1110374128
991.6256,3.2126989973
991.6487,3.3234786819
991.6718,3.4441326664
991.6949,3.575487651
991.718,3.7184436355
991.7411,3.87398262
991.7642,4.0431786046
991.7873,4.2271975891
991.8104,4.4273135737
991.8335,4.6449145582
991.8592,4.909399541
991.8849,5.1996725238
991.9106,5.5182245066
991.9362,5.8663644895
991.9619,6.2497954723
991.9748,6.4560864637
991.9876,6.6704874551
992.0005,6.8968064465
992.0133,7.1320104379
992.0261,7.3783004294
992.0389,7.6361934208
992.0518,7.9083784122
992.0646,8.1911984036
992.0775,8.489661395
992.0903,8.7997493864
992.1032,9.1269463778
992.116,9.4668393692
992.1288,9.8225883607
992.1416,10.1949023521
992.1545,10.5876313435
992.1673,10.9954533349
992.1802,11.4255503263
992.193,11.8720823177
992.2059,12.3428933091
992.2187,12.8315773005
992.2315,13.342616292
992.2443,13.8769592834
992.2585,14.4982072739
992.2726,15.1460262645
992.2867,15.826090255
992.3008,16.5398672456
992.315,17.2943052361
992.3291,18.0803542267
992.3432,18.9048052172
992.3573,19.7693332078
992.3715,20.6822361983
992.3856,21.6324421889
992.3997,22.6280511794
992.4138,23.67094817
992.4279,24.7630621606
992.442,25.9063831511
992.4561,27.1029341417
992.4702,28.3548001323
992.4844,29.6736091228
992.4985,31.0429971133
992.5126,32.4742561039
992.5267,33.9696620945
992.5408,35.531547085
992.5549,37.1622650756
992.569,38.8642050662
992.5831,40.6398050567
992.5973,42.5049350472
992.6114,44.4358550378
992.6255,46.4479550284
992.6396,48.5437550189
992.6678,52.9968050001
992.696,57.8157249812
992.7243,63.0404949623
992.7525,68.6549549434
992.7808,74.7195749245
992.809,81.2115749056
992.8373,88.1964948867
992.8655,95.6434448678
992.8937,103.593524849
992.9219,112.06257483
992.9502,121.097584811
992.9784,130.646874792
993.0067,140.788134773
993.0349,151.456894755
993.0632,162.733224736
993.0914,174.538784717
993.1196,186.910054698
993.1478,199.841234679
993.1761,213.37117466
993.2043,227.390114641
993.2326,241.978984622
993.2608,257.011724603
993.3173,288.502294565
993.3737,321.522644528
993.4456,365.34592448
993.5174,410.195334432
993.5739,445.558644394
993.6304,480.357074356
993.6869,513.977214318
993.7433,545.735474281
993.7998,575.119794243
993.8562,601.428854205
993.9136,624.535354167
993.971,643.435954128
994.0033,652.062354107
994.0355,659.144754085
994.0678,664.679854063
994.1,668.598354042
994.1108,669.550854035
994.1458,671.379754011
994.1807,671.287853988
994.2156,669.295253965
994.2505,665.431553941
994.2811,660.541153921
994.3116,654.3124539
994.3727,637.978273859
994.4343,616.739533818
994.4958,591.377943777
994.5574,562.517123736
994.6189,531.006183695
994.6721,502.169963659
994.7252,472.446933624
994.8314,412.036013553
994.893,377.468563511
994.9545,343.99501347
995.016,312.003523429
995.0468,296.651183409
995.0775,281.840563388
995.1111,266.226803366
995.1447,251.263533343
995.1783,236.97183332
995.2118,223.404803298
995.2454,210.488293276
995.2789,198.299873253
995.3125,186.761873231
995.346,175.932963208
995.3768,166.559413188
995.4076,157.729683167
995.4384,149.427933146
995.4691,141.660593126
995.4999,134.357723105
995.5307,127.525013085
995.5615,121.140983064
995.5922,115.202283044
995.623,109.648033023
995.6538,104.475843002
995.6846,99.6635019818
995.7153,95.2031299613
995.7461,91.0442719407
995.7768,87.1932849201
995.8076,83.6050058995
995.8383,80.283561879
995.8691,77.1889248584
995.8999,74.3147628378
995.9307,71.6444838172
995.9614,69.1701997966
995.9922,66.861158776
996.0229,64.7187047555
996.0537,62.7160927349
996.0844,60.8545137143
996.1152,59.1108416937
996.146,57.4811406731
996.1768,55.9560376525
996.2075,54.531365632
996.2383,53.1899476114
996.269,51.9332855908
996.2998,50.7465585702
996.3305,49.6314675497
996.3809,47.933324516
996.4312,46.3844664823
996.4816,44.9603924486
996.5319,43.6511334149
996.5823,42.4380743812
996.6326,41.3146093476
996.683,40.2664803139
996.7333,39.2894592802
996.7837,38.3724582465
996.834,37.5128852128
996.8844,36.7019531791
996.9347,35.9382131455
996.9851,35.2145421117
997.0354,34.5302470781
997.0857,33.8807040444
997.136,33.2631580108
997.1976,32.5468609696
997.2591,31.8719259284
997.3207,31.2326598872
997.3822,30.6280848461
997.4438,30.0534878049
997.5053,29.5083317637
997.5668,28.9895037226
997.6283,28.4950605814
997.6899,28.0225081402
997.7514,27.5717996991
997.8744,26.7279865168
997.9975,25.9522542345
998.1205,25.2375308522
998.2045,24.780444296
998.2884,24.3467711399
998.3723,23.9342119839
998.4562,23.5411932278
998.5401,23.1662878719
998.624,22.808232716
998.7918,22.1380521047
998.9596,21.5224997942
999.1274,20.9547623854
999.2952,20.4291155792
999.463,19.9407018768
999.5973,19.5738336986
999.7315,19.2265626243
999.8658,18.8967455546
1000.0,18.5834161899
1000.129,18.2963137325
1000.257,18.0240383801
1000.514,17.5116118869
1000.771,17.0396228063
1001.027,16.6042974338
1001.284,16.197702565
1001.541,15.8177688979
1001.798,15.4612140315
1002.054,15.1264824654
1002.358,14.752162187
1002.661,14.4008649089
1002.964,14.0683435308
1003.267,13.7520236527
1003.57,13.4496182746
1003.873,13.1590324965
1004.176,12.8783637184
1004.479,12.6058943403
1004.759,12.3600366681
1005.039,12.1186660959
1005.343,11.8603696175
1005.646,11.6053841394
1005.949,11.3513709613
1006.252,11.0967352832
1006.555,10.8398187051
1006.858,10.578756427
1007.161,10.3114996489
1007.313,10.1743615097
1007.464,10.0356591708
1007.628,9.8818107285
1007.791,9.7251014865
1007.954,9.5640515445
1008.117,9.3980429024
1008.281,9.2253193602
1008.444,9.0472239181
1008.607,8.8618905761
1008.77,8.6684512341
1008.893,8.5165878024
1009.015,8.3606360709
1009.138,8.1979785392
1009.199,8.1153989235
1009.26,8.0317163078
1009.322,7.9457728918
1009.383,7.8607205761
1009.444,7.7757461603
1009.505,7.6916906446
1009.567,7.6084578286
1009.628,7.5304930129
1009.689,7.4588703972
1009.75,7.3969565815
1009.783,7.369064573
1009.815,7.3468368647
1009.847,7.3303235565
1009.879,7.3206350482
1009.911,7.31905114
1009.943,7.3270465317
1009.975,7.3463035235
1010.007,7.3787415152
1010.039,7.426539507
1010.071,7.4921604987
1010.103,7.5783764905
1010.135,7.6882924822
1010.167,7.825379474
1010.199,7.9934834657
1010.231,8.1968654575
1010.263,8.4402114492
1010.28,8.5874874448
1010.296,8.7384544407
1010.312,8.9021324366
1010.328,9.0792644325
1010.344,9.2706274283
1010.36,9.4770224242
1010.376,9.6992844201
1010.392,9.938276416
1010.408,10.1948914118
1010.424,10.4700484077
1010.44,10.7646984036
1010.456,11.0798173995
1010.472,11.4164103953
1010.488,11.7755033912
1010.504,12.1581533871
1010.52,12.565436383
1010.536,12.9984503788
1010.552,13.4583153747
1010.568,13.9461683706
1010.584,14.4631613665
1010.6,15.0104613623
1010.616,15.5892473582
1010.632,16.2007043541
1010.648,16.84602535
1010.664,17.5264043458
1010.68,18.2430323417
1010.696,18.9971003376
1010.712,19.7897993335
1010.728,20.6222753294
1010.744,21.4956933252
1010.776,23.369857317
1010.795,24.5658473121
1010.814,25.8259673072
1010.833,27.1518873023
1010.852,28.5451572974
1010.871,30.0072372925
1010.89,31.5394572876
1010.909,33.1430172827
1010.928,34.8189872778
1010.947,36.5682472729
1010.966,38.391527268
1010.985,40.2893572631
1011.004,42.2620872582
1011.042,46.4325272484
1011.079,50.7796872389
1011.112,54.8911772304
1011.144,59.0829872221
1011.176,63.4684472139
1011.208,68.0371572056
1011.24,72.7763071974
1011.272,77.6706171891
1011.336,87.8512471726
1011.4,98.4083771561
1011.464,109.13589714
1011.499,114.990807131
1011.557,124.538447116
1011.615,133.720867101
1011.68,143.328117084
1011.712,147.710667076
1011.744,151.820937067
1011.788,156.972507056
1011.825,160.808177047
1011.86,163.981697037
1011.893,166.542507029
1011.924,168.548027021
1011.96,170.372037012
1012.0,171.743667001
1012.008,171.933956999
1012.03,172.311686994
1012.052,172.475436988
1012.089,172.268936978
1012.124,171.522406969
1012.153,170.505386962
1012.182,169.136446955
1012.218,166.964366945
1012.253,164.373766936
1012.289,161.246516927
1012.324,157.789036918
1012.385,150.887456902
1012.446,143.049996886
1012.517,133.039976868
1012.587,122.56301685
1012.671,109.655506829
1012.755,96.8660668068
1012.791,91.5315567975
1012.826,86.4704467885
1012.861,81.5560267795
1012.896,76.8080167705
1012.932,72.1152767612
1012.967,67.7520867522
1013.002,63.5955067431
1013.037,59.6527467341
1013.073,55.8250667248
1013.108,52.3270067158
1013.144,48.9581867065
1013.179,45.9031366975
1013.197,44.4151166929
1013.215,42.9826066882
1013.233,41.6047566836
1013.25,40.3527666792
1013.268,39.0783676746
1013.285,37.9221926702
1013.303,36.7471036655
1013.32,35.6825796612
1013.337,34.6609596568
1013.354,33.6811496524
1013.371,32.742010648
1013.388,31.8423956436
1013.405,30.9811256392
1013.422,30.1570306349
1013.439,29.3689126305
1013.455,28.6589446264
1013.472,27.937248622
1013.489,27.2480196176
1013.506,26.5900766132
1013.523,25.9622316088
1013.54,25.3633416044
1013.557,24.7922476001
1013.574,24.2478225957
1013.59,23.7587875916
1013.607,23.2629915872
1013.624,22.7906795828
1013.641,22.3407945784
1013.658,21.912350574
1013.675,21.5043405696
1013.692,21.1158175653
1013.709,20.7458695609
1013.725,20.4138235567
1013.742,20.0773735524
1013.759,19.756937548
1013.776,19.4517035436
1013.793,19.1609075392
1013.827,18.6196455305
1013.86,18.1413685219
1013.896,17.6669155127
1013.931,17.2478465036
1013.967,16.8552974944
1014.002,16.5068294853
1014.038,16.1785844761
1014.073,15.885374467
1014.108,15.614773458
1014.143,15.364138449
1014.179,15.1247490397
1014.214,14.9078223307
1014.25,14.6990625214
1014.285,14.5084546124
1014.321,14.3236465031
1014.356,14.1536987941
1014.426,13.838439776
1014.484,13.5981918611
1014.542,13.3736322461
1014.6,13.1623188312
1014.657,12.9656489165
1014.715,12.7751477015
1014.773,12.5930274866
1014.888,12.2526685569
1015.004,11.931927527
1015.119,11.6315169974
1015.235,11.3424283675
1015.35,11.0666862378
1015.479,10.7672841046
1015.608,10.4756110713
1015.673,10.3308284546
1015.737,10.1893856381
1015.801,10.0488630216
1015.865,9.9091360051
1015.93,9.7679929883
1015.994,9.6298393718
1016.058,9.4927150553
1016.122,9.3570528388
1016.187,9.2215279221
1016.251,9.0914928056
1016.315,8.9666075891
1016.379,8.8494431726
1016.415,8.7882486633
1016.45,8.7329753543
1016.486,8.681446245
1016.521,8.637644236
1016.557,8.6004450267
1016.592,8.5734768177
1016.627,8.5573768087
1016.662,8.5542197996
1016.698,8.5670057904
1016.733,8.5978537813
1016.769,8.6519017721
1016.804,8.729849763
1016.84,8.8405187538
1016.875,8.9825037447
1016.91,9.1636387357
1016.928,9.2739047311
1016.945,9.3897167267
1016.962,9.5176337223
1016.979,9.6584477179
1016.996,9.8129847135
1017.013,9.9821077092
1017.03,10.1667177048
1017.047,10.3677547004
1017.064,10.586192696
1017.081,10.8230466916
1017.098,11.0793696872
1017.115,11.3562456829
1017.132,11.6548026785
1017.149,11.9761986741
1017.166,12.3216266697
1017.183,12.6923156653
1017.2,13.089522661
1017.216,13.4887406568
1017.233,13.9411266524
1017.25,14.4238966481
1017.267,14.9384136437
1017.284,15.4860616393
1017.301,16.0682396349
1017.318,16.6863636305
1017.335,17.3418536261
1017.351,17.994209622
1017.368,18.7263176176
1017.385,19.5000166133
1017.402,20.3166986089
1017.419,21.1777916045
1017.436,22.0846806001
1017.453,23.0387255957
1017.486,25.0303155872
1017.504,26.1970155826
1017.522,27.4223055779
1017.54,28.7075555733
1017.557,29.9776155689
1017.592,32.7686255599
1017.627,35.8030455509
1017.663,39.1843755416
1017.698,42.7288255326
1017.733,46.5283855235
1017.768,50.5822155145
1017.802,54.7602455058
1017.836,59.168745497
1017.87,63.7988154882
1017.903,68.4933854797
1017.937,73.522465471
1017.971,78.7288454622
1018.005,84.0914454534
1018.038,89.4228654449
1018.109,101.195805427
1018.179,112.974425409
1018.218,119.495445398
1018.267,127.535445386
1018.315,135.138465373
1018.35,140.446075365
1018.385,145.505035356
1018.417,149.876275347
1018.449,153.972205339
1018.488,158.548455329
1018.524,162.32653532
1018.559,165.554085311
1018.594,168.313145302
1018.629,170.579265293
1018.671,172.620605282
1018.7,173.586285274
1018.708,173.787985272
1018.731,174.210965266
1018.753,174.397165261
1018.805,173.990345247
1018.86,172.285995233
1018.915,169.325525219
1018.947,167.057105211
1018.979,164.412075202
1019.034,159.055065188
1019.088,152.911305174
1019.143,145.90049516
1019.198,138.287625146
1019.248,130.981515133
1019.297,123.58649512
1019.395,108.535575095
1019.45,100.175325081
1019.505,92.0317950667
1019.56,84.2060350526
1019.587,80.5061750456
1019.614,76.9108250386
1019.652,72.0406450288
1019.689,67.5249150193
1019.726,63.2429450098
1019.763,59.2015150002
1019.8,55.4042149907
1019.837,51.8516049811
1019.856,50.1218049762
1019.874,48.5416149716
1019.893,46.9348149667
1019.911,45.4698349621
1019.939,43.2997049549
1019.966,41.3296109479
1019.993,39.4762799409
1020.02,37.735844934
1020.048,36.0458089268
1020.075,34.5223759198
1020.102,33.0986789128
1020.129,31.7701009059
1020.157,30.4877168987
1020.184,29.3382628917
1020.211,28.2695688847
1020.238,27.2769618778
1020.265,26.3558468708
1020.292,25.5017338639
1020.319,24.7102518569
1020.346,23.9772038499
1020.364,23.5189458453
1020.381,23.1072868409
1020.399,22.6927138363
1020.416,22.3203278319
1020.434,21.9453168272
1020.451,21.6084428229
1020.468,21.2875338185
1020.485,20.9817968141
1020.503,20.6737618095
1020.52,20.3968848051
1020.555,19.8667497961
1020.59,19.385631787
1020.624,18.9602217783
1020.659,18.5608117692
1020.694,18.1962027602
1020.729,17.8625077512
1020.763,17.5646437424
1020.798,17.2820667334
1020.832,17.0283113246
1020.867,16.7860465156
1020.901,16.5670730069
1020.956,16.2425438927
1021.01,15.9543734788
1021.065,15.6867691646
1021.119,15.4454176507
1021.174,15.2180113365
1021.228,15.0101451226
1021.283,14.8119091084
1021.337,14.6287431945
1021.392,14.4523741803
1021.446,14.2880334664
1021.555,13.9790949383
1021.664,13.6957202102
1021.773,13.4333768821
1021.853,13.2522202614
1021.932,13.0815965411
1022.09,12.7616073003
1022.249,12.4636393594
1022.407,12.1870837186
1022.566,11.9249811776
1022.724,11.6778541369
1022.883,11.4402634959
1023.041,11.2132842552
1023.259,10.912060899
1023.477,10.6214562428
1023.695,10.3384038866
1023.913,10.0602474304
1024.022,9.9222546023
1024.131,9.7846120742
1024.24,9.6470545461
1024.349,9.509323118
1024.458,9.3711671899
1024.567,9.2323422618
1024.676,9.0926104337
1024.784,8.9530352059
1024.913,8.7845430726
1025.042,8.6137731394
1025.171,8.4403790061
1025.3,8.2640500729
1025.429,8.0845200396
1025.558,7.9016078063
1025.623,7.8081392896
1025.687,7.7152695731
1025.751,7.6215947566
1025.815,7.5271666401
1025.924,7.364873312
1025.979,7.2824687978
1026.033,7.2014046839
1026.088,7.1188756697
1026.142,7.0381401558
1026.197,6.9565580416
1026.251,6.8775531277
1026.306,6.7988193135
1026.36,6.7240202996
1026.415,6.6514672854
1026.469,6.5851902715
1026.524,6.5245972573
1026.578,6.4742652434
1026.632,6.4360542295
1026.686,6.4138632156
1026.721,6.4103352065
1026.756,6.4172541975
1026.791,6.4365381885
1026.825,6.4692191797
1026.86,6.5197291707
1026.895,6.5902811617
1026.93,6.6842681527
1026.964,6.8016851439
1026.999,6.9537461349
1027.034,7.1424041258
1027.069,7.3733021168
1027.086,7.5025631124
1027.103,7.6440651081
1027.121,7.8081631034
1027.138,7.977547099
1027.155,8.1618700947
1027.172,8.3621060903
1027.19,8.5926080856
1027.207,8.8288930812
1027.224,9.0843880769
1027.241,9.3602760725
1027.269,9.8624270653
1027.296,10.4076840583
1027.323,11.0185220513
1027.35,11.7008690444
1027.378,12.4907330372
1027.405,13.3385170302
1027.432,14.2779020232
1027.459,15.3161500163
1027.473,15.8959090127
1027.487,16.5053590091
1027.514,17.7686570021
1027.541,19.1545599951
1027.568,20.6713329882
1027.582,21.5121029846
1027.596,22.391502981
1027.623,24.200972974
1027.65,26.167112967
1027.677,28.2984329601
1027.697,29.9886729549
1027.717,31.7775429498
1027.737,33.6683429446
1027.757,35.6642929395
1027.777,37.7684629343
1027.797,39.9838329292
1027.817,42.313192924
1027.836,44.6340729191
1027.856,47.1930929139
1027.876,49.8732329088
1027.896,52.6764629036
1027.915,55.4550828987
1027.935,58.5028828936
1027.955,61.6778428884
1027.975,64.9806928833
1027.994,68.2371728784
1028.014,71.7900428732
1028.034,75.4706728681
1028.074,83.2112628577
1028.114,91.4462828474
1028.153,99.9319028374
1028.195,109.543262827
1028.237,119.602422816
1028.279,130.055032805
1028.321,140.836032794
1028.376,155.32336278
1028.43,169.780172766
1028.485,184.525622752
1028.539,198.793262738
1028.613,217.566302719
1028.668,230.597392705
1028.723,242.55664269
1028.777,253.020442677
1028.831,262.007342663
1028.886,269.454542648
1028.92,273.12814264
1028.953,275.980042631
1029.0,278.788942619
1029.012,279.266042616
1029.051,280.135642606
1029.09,279.962742596
1029.13,278.712042586
1029.17,276.397842575
1029.21,273.056642565
1029.25,268.737142555
1029.29,263.499242544
1029.329,257.574402534
1029.388,247.240732519
1029.446,235.712422504
1029.487,226.897382494
1029.527,217.877382483
1029.607,198.974262463
1029.687,179.529632442
1029.766,160.450462422
1029.807,150.783882411
1029.847,141.591742401
1029.887,132.68810239
1029.927,124.11703238
1029.967,115.91454237
1030.007,108.108722359
1030.047,100.720112349
1030.087,93.7621323388
1030.127,87.2416323285
1030.147,84.1459423233
1030.167,81.1595323182
1030.187,78.281702313
1030.207,75.5114523079
1030.227,72.8475523027
1030.247,70.2884722976
1030.267,67.8325122924
1030.287,65.4777522873
1030.307,63.2221022821
1030.327,61.0633122769
1030.347,58.9989722718
1030.367,57.0266122666
1030.387,55.1436022615
1030.407,53.3472622563
1030.438,50.7277822483
1030.469,48.2994682403
1030.5,46.0517172323
1030.531,43.9738842244
1030.562,42.0554332164
1030.578,41.1241942122
1030.593,40.2859552084
1030.609,39.4276242042
1030.624,38.6553052004
1030.64,37.8647521963
1030.655,37.1536351924
1030.671,36.4259181883
1030.686,35.7714631844
1030.702,35.1018541803
1030.717,34.4997201764
1030.748,33.3297441684
1030.779,32.2533651604
1030.81,31.2628421524
1030.841,30.3509561444
1030.872,29.5109351365
1030.902,28.7605101287
1030.923,28.2688951233
1030.943,27.8246981181
1030.963,27.402497113
1030.983,27.0009761078
1031.003,26.6188991027
1031.023,26.2550880975
1031.043,25.9084250924
1031.063,25.5778570872
1031.103,24.9611580769
1031.143,24.3978070666
1031.183,23.8814510563
1031.223,23.406522046
1031.263,22.9681710357
1031.303,22.5621280253
1031.343,22.184697015
1031.383,21.8326580047
1031.423,21.5032079944
1031.463,21.1939129841
1031.503,20.9026699738
1031.543,20.6276479635
1031.594,20.2980099503
1031.645,19.9893459372
1031.696,19.699267924
1031.747,19.4257673109
1031.798,19.1671602977
1031.849,18.9219766846
1031.9,18.6889839714
1031.951,18.4670937583
1032.053,18.052990332
1032.155,17.6734641057
1032.257,17.3236235794
1032.358,17.0026333534
1032.439,16.7613401325
1032.519,16.5356961119
1032.599,16.3214731912
1032.679,16.1176947706
1032.759,15.92346245
1032.839,15.7380005294
1032.999,15.3906800881
1033.159,15.0709667469
1033.319,14.7749879056
1033.479,14.4995660644
1033.639,14.2420541231
1033.749,14.0742258948
1033.858,13.9146181667
1034.076,13.6132149105
1034.295,13.331245654
1034.513,13.0681784978
1034.732,12.8189698414
1034.95,12.5837058852
1035.168,12.359362229
1035.386,12.1443628728
1035.677,11.8695763978
1035.968,11.6061862228
1036.259,11.3517525477
1036.55,11.1041239727
1036.842,10.8605390974
1037.133,10.6208336224
1037.424,10.3824836474
1037.715,10.1438173724
1038.007,9.9023638971
1038.153,9.7803673595
1038.298,9.6580803221
1038.444,9.5335919845
1038.589,9.4083742471
1038.735,9.2804571095
1038.88,9.1513443721
1039.041,9.0052487306
1039.201,8.8568524893
1039.361,8.7048773481
1039.521,8.5489235068
1039.681,8.3885766656
1039.841,8.2234109243
1040.001,8.0529930831
1040.161,7.8768987418
1040.3,7.719000506
1040.438,7.5574882704
1040.577,7.3898780346
1040.646,7.3048287168
1040.715,7.218573899
1040.785,7.129876281
1040.854,7.0413284632
1040.923,6.9517665454
1040.992,6.8613363276
1041.061,6.7702489098
1041.13,6.678807092
1041.199,6.5874471743
1041.268,6.4967880565
1041.348,6.3937312358
1041.428,6.2948254152
1041.468,6.2478164049
1041.508,6.2030713946
1041.548,6.1611983843
1041.588,6.122932374
1041.628,6.0891673637
1041.668,6.0609833534
1041.708,6.039683343
1041.748,6.0268313327
1041.788,6.0243043224
1041.828,6.0343413121
1041.868,6.0596073018
1041.908,6.1032542915
1041.948,6.1690052812
1041.988,6.2612262709
1042.028,6.3850272606
1042.048,6.4605882554
1042.068,6.5463412502
1042.088,6.6431732451
1042.108,6.7520372399
1042.128,6.8739532348
1042.148,7.0100142296
1042.168,7.1613872245
1042.188,7.3293152193
1042.208,7.5151212141
1042.228,7.720217209
1042.248,7.9460972038
1042.268,8.1943451987
1042.288,8.4666381935
1042.308,8.7647501884
1042.328,9.0905451832
1042.348,9.4459941781
1042.368,9.8331611729
1042.388,10.2542131677
1042.408,10.7114181626
1042.428,11.2071471574
1042.448,11.7438691523
1042.468,12.3241561471
1042.488,12.950674142
1042.508,13.6261891368
1042.528,14.3535571317
1042.548,15.1357221265
1042.569,16.0192841211
1042.589,16.9233341159
1042.609,17.8916531108
1042.629,18.9274831056
1042.649,20.0341251005
1042.669,21.2149090953
1042.689,22.4732390902
1042.709,23.812489085
1042.729,25.2360590798
1042.749,26.7473790747
1042.769,28.3498090695
1042.789,30.0467190644
1042.809,31.8413690592
1042.829,33.7370090541
1042.849,35.7367390489
1042.869,37.8436090438
1042.886,39.7208290394
1042.902,41.5617490352
1042.919,43.5979990309
1042.935,45.5913490267
1042.952,47.7922790224
1042.968,49.9430090182
1043.0,54.47879901
1043.033,59.4889590015
1043.066,64.841508993
1043.099,70.5385689845
1043.131,76.3913689762
1043.157,81.3825589695
1043.182,86.3779489631
1043.208,91.7727289564
1043.233,97.1464189499
1043.273,106.10737894
1043.313,115.484918929
1043.353,125.236638919
1043.393,135.311518909
1043.466,154.33012889
1043.538,173.524628871
1043.619,195.02765885
1043.699,215.44429883
1043.739,225.10179882
1043.779,234.261518809
1043.819,242.828338799
1043.858,250.523038789
1043.891,256.46743878
1043.924,261.845438772
1043.974,268.826438759
1044.028,274.666838745
1044.064,277.524538736
1044.1,279.524838726
1044.113,280.033538723
1044.152,280.872838713
1044.191,280.682238703
1044.227,279.599838694
1044.263,277.663838684
1044.299,274.899138675
1044.335,271.338238666
1044.371,267.021338657
1044.406,262.143828648
1044.471,251.474528631
1044.536,239.009168614
1044.608,223.567208596
1044.679,207.168508577
1044.764,186.728558555
1044.848,166.420688534
1044.92,149.454498515
1044.956,141.245968506
1044.991,133.489158497
1045.027,125.771578487
1045.063,118.344648478
1045.099,111.229688469
1045.134,104.62711846
1045.17,98.1711884506
1045.206,92.0626684413
1045.242,86.305038432
1045.277,81.043548423
1045.313,75.9741584137
1045.349,71.2457184044
1045.367,69.0066783998
1045.385,66.8493783952
1045.403,64.7723783905
1045.42,62.8831383861
1045.451,59.6143683781
1045.482,56.5657183702
1045.513,53.7277183622
1045.544,51.0904183542
1045.575,48.6436323462
1045.606,46.3769633382
1045.637,44.2799893302
1045.668,42.3423503222
1045.699,40.5538013142
1045.73,38.9043443062
1045.761,37.3842712982
1045.792,35.9842012902
1045.823,34.6951462822
1045.854,33.5085452743
1045.885,32.4162452663
1045.915,31.4417432585
1045.933,30.8932492539
1045.951,30.3702602492
1045.969,29.8714822446
1045.987,29.39567324
1046.005,28.9416552353
1046.023,28.5082902307
1046.041,28.094494226
1046.058,27.7207152217
1046.094,26.9800262124
1046.13,26.3023932031
1046.166,25.6811811938
1046.201,25.1255981848
1046.237,24.5986391755
1046.273,24.1120281662
1046.309,23.661454157
1046.344,23.2543061479
1046.38,22.8639981387
1046.416,22.4995701294
1046.452,22.1583651201
1046.487,21.8466471111
1046.539,21.4158870977
1046.591,21.0190660843
1046.643,20.6516850709
1046.695,20.3099800575
1046.747,19.9908280441
1046.799,19.6915860306
1046.851,19.4100479172
1046.903,19.1443413038
1046.955,18.8928786904
1047.007,18.654287777
1047.059,18.4274062636
1047.111,18.2112209502
1047.215,17.8074748234
1047.319,17.4371575966
1047.391,17.197883278
1047.463,16.9710960595
1047.535,16.7556823409
1047.606,16.5534390226
1047.678,16.3578362041
1047.749,16.1735421857
1047.892,15.8256809489
1048.035,15.505256312
1048.178,15.2085311752
1048.321,14.9324208383
1048.464,14.6743198014
1048.66,14.3459105509
1048.855,14.0441068006
1049.05,13.7634211504
1049.245,13.5007591001
1049.44,13.2535145498
1049.635,13.0195185995
1049.83,12.7968935493
1050.025,12.584041999
1050.286,12.3120401317
1050.546,12.0531404647
1050.806,11.8038070977
1051.066,11.5618384307
1051.314,11.3360801667
1051.561,11.114497703
1051.808,10.8946692394
1052.055,10.6751239757
1052.302,10.454373212
1052.549,10.2309150483
1052.673,10.1172191164
1052.796,10.0031656847
1052.92,9.8866855527
1053.043,9.769435721
1053.186,9.6306755841
1053.329,9.4889268473
1053.472,9.3437960104
1053.615,9.1948724736
1053.758,9.0417302367
1053.901,8.8839393998
1054.044,8.721073963
1054.187,8.5527498261
1054.305,8.4095417957
1054.422,8.2636251655
1054.539,8.1139399354
1054.598,8.0371643201
1054.656,7.9609835052
1054.715,7.88294509
1054.773,7.805940575
1054.832,7.7276714598
1054.89,7.6512833449
1054.949,7.5748414297
1055.007,7.5018791147
1055.066,7.4311962995
1055.124,7.3669308846
1055.16,7.3306348753
1055.196,7.297899866
1055.232,7.2695488567
1055.267,7.2471128477
1055.303,7.2304278384
1055.339,7.2215628291
1055.375,7.2220958198
1055.41,7.2333718108
1055.446,7.2581288015
1055.482,7.2986817923
1055.518,7.357885783
1055.553,7.436439774
1055.589,7.5424877647
1055.625,7.6783617554
1055.661,7.8488857461
1055.696,8.0530507371
1055.714,8.1746067325
1055.731,8.3007047281
1055.748,8.4385217237
1055.765,8.5888297193
1055.782,8.7524357149
1055.799,8.9301887105
1055.816,9.1229747062
1055.833,9.3317237018
1055.85,9.5574026974
1055.867,9.801022693
1055.884,10.0636376886
1055.901,10.3463386842
1055.918,10.6502646799
1055.935,10.9765926755
1055.952,11.3265426711
1055.969,11.7013746667
1055.987,12.1268256621
1056.004,12.5570296577
1056.021,13.0162206533
1056.038,13.5058166489
1056.055,14.0272726445
1056.072,14.5820756402
1056.089,15.1717416358
1056.106,15.7978216314
1056.123,16.461888627
1056.14,17.1655386226
1056.157,17.9103876183
1056.174,18.6980686139
1056.191,19.5302286095
1056.208,20.4085156051
1056.225,21.3345956007
1056.242,22.3101055963
1056.26,23.3987255917
1056.278,24.5465555871
1056.296,25.7555255824
1056.314,27.0274955778
1056.332,28.3643455731
1056.35,29.7678355685
1056.368,31.2397355639
1056.385,32.6941455595
1056.403,34.3037155548
1056.421,35.9863655502
1056.439,37.7434855456
1056.457,39.5763655409
1056.475,41.4862055363
1056.493,43.4740155316
1056.528,47.5657155226
1056.559,51.4427555146
1056.59,55.5593055066
1056.621,59.9154454986
1056.652,64.5093754906
1056.683,69.3373054827
1056.714,74.3932954747
1056.745,79.6692054667
1056.775,84.9744254589
1056.811,91.5830454497
1056.847,98.4330154404
1056.883,105.495685431
1056.918,112.534775422
1056.931,115.185775419
1056.967,122.608995409
1057.003,130.1186954
1057.074,145.000735382
1057.159,162.47401536
1057.23,176.290555342
1057.266,182.877085332
1057.302,189.108525323
1057.338,194.931595314
1057.373,200.153595305
1057.419,206.284935293
1057.464,211.401165281
1057.5,214.817835272
1057.548,218.38331526
1057.6,220.913625246
1057.611,221.267315243
1057.643,221.931295235
1057.675,222.051435227
1057.707,221.629915219
1057.738,220.710995211
1057.771,219.191625202
1057.803,217.200215194
1057.835,214.717335186
1057.867,211.765185177
1057.916,206.393945165
1057.965,200.086495152
1058.03,190.475995135
1058.094,179.894155119
1058.158,168.500375102
1058.221,156.780955086
1058.285,144.64620507
1058.349,132.542985053
1058.413,120.705095037
1058.445,114.948915028
1058.477,109.33011502
1058.51,103.699185012
1058.542,98.4137250034
1058.574,93.3139349952
1058.606,88.4107549869
1058.638,83.7126649787
1058.67,79.2259949704
1058.702,74.9548249622
1058.734,70.9013249539
1058.759,67.8862249475
1058.784,65.003604941
1058.809,62.2523349346
1058.833,59.7331249284
1058.858,57.234004922
1058.883,54.8599649155
1058.908,52.6080649091
1058.932,50.5581949029
1058.957,48.5360848964
1058.982,46.62578489
1059.007,44.8233858836
1059.031,43.1907808774
1059.056,41.5878948709
1059.08,40.1390638647
1059.105,38.7193748583
1059.129,37.4384718521
1059.145,36.627248848
1059.161,35.8488928439
1059.177,35.1022908397
1059.193,34.3863488356
1059.209,33.6999728315
1059.225,33.0420958274
1059.241,32.4116778232
1059.257,31.8076738191
1059.273,31.229066815
1059.289,30.6748688109
1059.305,30.1441058067
1059.321,29.6358268026
1059.337,29.1491237985
1059.353,28.6830727944
1059.369,28.2368227902
1059.385,27.8095187861
1059.401,27.400325782
1059.417,27.0084657779
1059.449,26.2736447696
1059.481,25.5992097614
1059.513,24.9797277531
1059.545,24.4101477449
1059.577,23.8858427366
1059.609,23.4025437284
1059.641,22.9563447201
1059.682,22.4332357095
1059.723,21.958497699
1059.764,21.5262036884
1059.804,21.1403846781
1059.845,20.7772796675
1059.886,20.442998657
1059.927,20.1340636464
1059.967,19.8542246361
1060.008,19.5869516255
1060.049,19.3372256149
1060.09,19.1031096044
1060.13,18.8881325941
1060.171,18.6801173835
1060.212,18.4833398729
1060.293,18.123505752
1060.357,17.8626867355
1060.421,17.619668619
1060.485,17.3922867025
1060.549,17.178756886
1060.613,16.9775817695
1060.677,16.7875148531
1060.741,16.6074923366
1060.805,16.4365981201
1060.933,16.1191510871
1061.061,15.8299521541
1061.189,15.5648898211
1061.317,15.3206927881
1061.469,15.0540971489
1061.62,14.81100861
1061.772,14.5852446708
1061.923,14.3773361318
1062.075,14.1825049927
1062.226,14.0016085537
1062.377,13.8318979148
1062.528,13.6721423759
1062.784,13.4212010099
1063.04,13.1917268439
1063.296,12.9803975779
1063.552,12.7845301119
1063.808,12.6019582459
1064.064,12.4308806799
1064.32,12.2697857139
1064.576,12.1174203479
1064.972,11.8965070458
1065.368,11.6907124438
1065.764,11.4973695417
1066.159,11.3147735399
1066.555,11.1402242378
1066.951,10.9727681357
1067.347,10.8111661336
1067.742,10.6547660618
1068.208,10.4751005017
1068.673,10.2997655618
1069.138,10.1271469119
1069.603,9.956084432
1070.116,9.7678945598
1070.628,9.5792618578
1071.14,9.3884108158
1071.652,9.1938840638
1072.165,8.9937273916
1072.677,8.7870193596
1073.189,8.5714895276
1073.445,8.4597484616
1073.701,8.3449441956
1073.957,8.2267255296
1074.213,8.1047080636
1074.469,7.9784739976
1074.725,7.8475713316
1074.981,7.7115016656
1075.237,7.5697135996
1075.493,7.4215876336
1075.749,7.2664336676
1075.959,7.1333707135
1076.168,6.9952585596
1076.378,6.8502591055
1076.587,6.6991861516
1076.797,6.5399699975
1077.006,6.3734483436
1077.216,6.1972949895
1077.425,6.0124213356
1077.553,5.8941546026
1077.681,5.7718510696
1077.809,5.6453543366
1077.937,5.5145375036
1078.065,5.3793263706
1078.193,5.2397347376
1078.321,5.0959268046
1078.448,4.9494855719
1078.513,4.8733505551
1078.577,4.7978329386
1078.641,4.7220282221
1078.705,4.6462993056
1078.769,4.5711548891
1078.833,4.4973006726
1078.897,4.4257173561
1078.961,4.3577600396
1079.025,4.2952929231
1079.089,4.2408717066
1079.153,4.1979737901
1079.217,4.1712988736
1079.249,4.1659376654
1079.281,4.1671426571
1079.313,4.1760246489
1079.345,4.1938616406
1079.377,4.2221096324
1079.409,4.2624326241
1079.441,4.3167206159
1079.473,4.3871186076
1079.505,4.4760435994
1079.537,4.5862255911
1079.569,4.7207205829
1079.601,4.8829535746
1079.633,5.0767365664
1079.665,5.3063025581
1079.697,5.5763385499
1079.713,5.7281245458
1079.729,5.8920005416
1079.745,6.0686915375
1079.761,6.2589535334
1079.777,6.4635755293
1079.793,6.6833815252
1079.809,6.919231521
1079.825,7.1720175169
1079.841,7.4426675128
1079.857,7.7321475087
1079.873,8.0414565045
1079.889,8.3716295004
1079.905,8.7237384963
1079.921,9.0988884922
1079.937,9.498223488
1079.953,9.9229194839
1079.969,10.3741844798
1079.985,10.8532624757
1079.999,11.296274472
1080.013,11.7624304684
1080.027,12.2526224648
1080.041,12.7677564612
1080.055,13.3087594576
1080.069,13.876568454
1080.083,14.4721354504
1080.096,15.050860447
1080.11,15.7026964434
1080.124,16.3851494398
1080.138,17.0992124362
1080.152,17.8458844326
1080.166,18.626179429
1080.18,19.4411074254
1080.207,21.1142764184
1080.235,22.9972034112
1080.263,25.038509404
1080.291,27.2460693968
1080.318,29.5394193898
1080.346,32.0955293826
1080.373,34.7382393756
1080.401,37.6695793684
1080.428,40.6855693615
1080.455,43.8921693545
1080.481,47.1637993478
1080.507,50.6186393411
1080.533,54.2587293344
1080.559,58.0852893277
1080.585,62.098649321
1080.611,66.2981393143
1080.637,70.6820593076
1080.668,76.1461192996
1080.698,81.6731892919
1080.729,87.6226492839
1080.759,93.5995892761
1080.79,99.9884192681
1080.82,106.36101926
1080.881,119.817309245
1080.945,134.485299228
1081.009,149.467699212
1081.07,163.773309196
1081.131,177.81994918
1081.201,193.235829162
1081.265,206.300129146
1081.329,218.026659129
1081.361,223.287149121
1081.393,228.095999113
1081.425,232.419399104
1081.457,236.226989096
1081.503,240.743329084
1081.56,244.68870907
1081.6,246.323989059
1081.606,246.487189058
1081.623,246.833049053
1081.639,247.000529049
1081.671,246.876369041
1081.722,245.423979028
1081.77,242.682729016
1081.801,240.230799007
1081.832,237.267788999
1081.881,231.602458987
1081.929,224.982578975
1081.978,217.259788962
1082.027,208.704828949
1082.069,200.826248938
1082.111,192.550638928
1082.194,175.430788906
1082.291,155.023978881
1082.339,145.114178869
1082.387,135.508808856
1082.423,128.577808847
1082.458,122.113468838
1082.493,115.959218829
1082.528,110.15083882
1082.564,104.571138811
1082.599,99.5591188018
1082.634,94.9788687928
1082.669,90.8513687838
1082.696,87.9877587768
1082.722,85.5008487701
1082.749,83.2045687631
1082.775,81.2729287564
1082.802,79.5602987495
1082.828,78.1953887428
1082.855,77.0740287358
1082.881,76.2791187291
1082.902,75.8404187237
1082.923,75.5823287183
1082.944,75.5034787129
1082.965,75.6020687074
1082.986,75.875918702
1083.007,76.3225086966
1083.028,76.9389086912
1083.049,77.7218686858
1083.07,78.6676986804
1083.091,79.772418675
1083.112,81.0316086696
1083.133,82.4405486641
1083.175,85.6868586533
1083.217,89.4662086425
1083.266,94.4812686299
1083.314,99.9440786175
1083.363,105.985138605
1083.411,112.255488593
1083.477,121.247868576
1083.543,130.401188558
1083.622,141.142788538
1083.662,146.336938528
1083.702,151.279118518
1083.751,156.897968505
1083.798,161.743358493
1083.834,165.039338483
1083.869,167.861788474
1083.902,170.152618466
1083.927,171.636048459
1083.97,173.656378448
1084.0,174.654878441
1084.008,174.862998439
1084.034,175.367868432
1084.059,175.604958425
1084.094,175.526018416
1084.131,174.923518407
1084.162,174.013478399
1084.193,172.741908391
1084.224,171.119118383
1084.255,169.158108375
1084.3,165.741148363
1084.345,161.698418352
1084.407,155.219978336
1084.469,147.85561832
1084.537,138.993678302
1084.604,129.711038285
1084.729,111.785828253
1084.791,102.969518237
1084.853,94.4075982207
1084.884,90.2613782127
1084.915,86.2226682048
1084.946,82.3027081968
1084.977,78.5110081888
1085.008,74.8555281808
1085.039,71.3425781728
1085.07,67.9770081648
1085.1,64.8635281571
1085.129,61.9898181496
1085.157,59.3427181424
1085.185,56.8207781352
1085.213,54.4231181279
1085.242,52.0692381205
1085.27,49.9193081132
1085.298,47.887397106
1085.326,45.9704260988
1085.355,44.1025210913
1085.383,42.4086260841
1085.411,40.8183620769
1085.439,39.3275060697
1085.468,37.8835690622
1085.496,36.581521055
1085.524,35.3654000478
1085.552,34.2306690405
1085.568,33.6170630364
1085.583,33.0638550326
1085.599,32.4965230284
1085.614,31.9852640246
1085.63,31.4611330204
1085.645,30.9889680166
1085.661,30.5050530124
1085.676,30.0692330086
1085.707,29.2205220006
1085.738,28.4375089926
1085.769,27.7151269846
1085.8,27.0485719766
1085.831,26.4332789686
1085.862,25.8649949606
1085.893,25.3396979526
1085.924,24.8536789446
1085.955,24.4034789367
1085.986,23.9859039287
1086.017,23.5979909207
1086.048,23.2370369127
1086.077,22.9215919052
1086.105,22.635606898
1086.133,22.3663248908
1086.161,22.1123438836
1086.19,21.8640389761
1086.218,21.6373471689
1086.274,21.2181507544
1086.331,20.8320405397
1086.387,20.4863383253
1086.443,20.1689054109
1086.499,19.8755997964
1086.556,19.5983557817
1086.612,19.3440885673
1086.669,19.1013474526
1086.725,18.8767815382
1086.838,18.459516609
1086.95,18.0856752802
1087.075,17.7068169479
1087.199,17.364446616
1087.323,17.050329184
1087.447,16.760530852
1087.571,16.4919245201
1087.695,16.2419594881
1087.819,16.0084967561
1087.943,15.7897369242
1088.062,15.5922054935
1088.18,15.4071696631
1088.417,15.064261602
1088.654,14.7543951409
1088.89,14.47353258
1089.127,14.2152278189
1089.364,13.9774107579
1089.601,13.7573950968
1089.837,13.5537579359
1090.108,13.3365678661
1090.379,13.1349533962
1090.65,12.9469630263
1090.92,12.7716114567
1091.191,12.6062166869
1091.462,12.450280617
1091.733,12.3027539471
1092.003,12.1632449575
1092.5,11.9234198694
1092.996,11.7028197016
1093.492,11.4979326837
1093.988,11.3062681058
1094.485,11.1254228277
1094.981,10.9543905399
1095.477,10.791344762
1095.973,10.6350233741
1096.605,10.4438492612
1097.237,10.2597937683
1097.869,10.0810508154
1098.5,9.9061800727
1098.952,9.7821671262
1099.403,9.6587350499
1099.854,9.5349374137
1100.305,9.4100237774
1100.756,9.2831276411
1101.207,9.1532126449
1101.658,9.0189783586
1102.109,8.8787485123
1102.335,8.8055587841
1102.561,8.7299803558
1102.787,8.6516065775
1103.012,8.5703220995
1103.238,8.4848189813
1103.463,8.3951435233
1103.689,8.299614865
1103.914,8.198012407
1104.038,8.1387971751
1104.162,8.0770328431
1104.286,8.0125745111
1104.41,7.9454544792
1104.534,7.8761197472
1104.658,7.8059146152
1104.72,7.7713563993
1104.782,7.7379621833
1104.844,7.7066508673
1104.906,7.6786922513
1104.957,7.6594079382
1105.008,7.644800525
1105.059,7.6364385119
1105.109,7.636186399
1105.16,7.6463923858
1105.211,7.6700614727
1105.262,7.7107081595
1105.287,7.7380743531
1105.312,7.7710710466
1105.338,7.8120102399
1105.363,7.8584137335
1105.389,7.9147580268
1105.414,7.9774854203
1105.44,8.0524919136
1105.465,8.1348949072
1105.49,8.2283029007
1105.515,8.3336828943
1105.541,8.4570758876
1105.566,8.5901018812
1105.592,8.7446298745
1105.617,8.909990868
1105.643,9.1007518613
1105.668,9.3035528549
1105.693,9.5266798484
1105.718,9.771481842
1105.734,9.9401658378
1105.75,10.1186608337
1105.781,10.4937938257
1105.797,10.7032528216
1105.812,10.9098558177
1105.828,11.1415068136
1105.843,11.3695728097
1105.874,11.8756528018
1105.905,12.4307527938
1105.936,13.0374507858
1105.967,13.6982077778
1105.998,14.4153257698
1106.029,15.1909087618
1106.06,16.0268247538
1106.091,16.9246507458
1106.122,17.8856387378
1106.153,18.9106657298
1106.184,20.0001907218
1106.215,21.1542127138
1106.255,22.7376827035
1106.294,24.3818026935
1106.334,26.1669526832
1106.373,27.9984826731
1106.413,29.9630426628
1106.452,31.9536526528
1106.492,34.0616426424
1106.531,36.1695226324
1106.585,39.1485126185
1106.638,42.1052926048
1106.692,45.1078325909
1106.745,47.9991225772
1106.807,51.2477225612
1106.869,54.2792025453
1106.909,56.0844825349
1106.948,57.7090825249
1106.999,59.6037325117
1107.044,61.0344825001
1107.077,61.9277524916
1107.108,62.6398724836
1107.125,62.9763924793
1107.142,63.2738024749
1107.159,63.5315524705
1107.181,63.8054524648
1107.2,63.9872824599
1107.208,64.0485624579
1107.235,64.1882624509
1107.261,64.2246824442
1107.29,64.1519924367
1107.326,63.8970224274
1107.365,63.4188724174
1107.398,62.8551024089
1107.43,62.1744124006
1107.466,61.2583723914
1107.501,60.2241223823
1107.56,58.1887223671
1107.618,55.8763323522
1107.69,52.6616223336
1107.762,49.172022315
1107.827,45.8803422983
1107.892,42.5377222815
1107.957,39.2177922648
1108.022,35.985242248
1108.062,34.0633522377
1108.101,32.2513622277
1108.14,30.5087122176
1108.179,28.8421022075
1108.218,27.2567221975
1108.257,25.7564141874
1108.296,24.3436231774
1108.316,23.6535341722
1108.335,23.0196301673
1108.371,21.8763991581
1108.389,21.3330281534
1108.407,20.8082901488
1108.425,20.3020141441
1108.443,19.8139821395
1108.461,19.3439431349
1108.478,18.9162881305
1108.496,18.4804111258
1108.514,18.0616371212
1108.532,17.6596071166
1108.55,17.2739521119
1108.568,16.9042941073
1108.586,16.5502071026
1108.604,16.211311098
1108.621,15.9047740936
1108.639,15.594142089
1108.657,15.2974140843
1108.675,15.0141290797
1108.693,14.7438570751
1108.711,14.4861290704
1108.729,14.2405190658
1108.747,14.0065650611
1108.764,13.7959210567
1108.782,13.5833790521
1108.8,13.3812010475
1108.818,13.1889670428
1108.836,13.0062410382
1108.872,12.6677140289
1108.907,12.3704920199
1108.93,12.190915014
1108.953,12.022955008
1108.976,11.8658660021
1108.999,11.7189534962
1109.022,11.5815605902
1109.045,11.4530526843
1109.09,11.2250493727
1109.136,11.0204587609
1109.181,10.8443899493
1109.227,10.6855796374
1109.272,10.5479905258
1109.318,10.4228667139
1109.363,10.3134486023
1109.409,10.2129009905
1109.454,10.1239663789
1109.5,10.041262267
1109.545,9.9672085554
1109.636,9.834305832
1109.708,9.7418441134
1109.78,9.6580930948
1109.852,9.5813527763
1109.923,9.511292858
1110.066,9.3835251211
1110.209,9.2694967842
1110.353,9.1652515471
1110.496,9.0700804103
1110.639,8.9817189734
1110.782,8.8990476365
1111.017,8.773331676
1111.251,8.6582566156
1111.485,8.5511811953
1111.719,8.450547105
1111.954,8.3547655044
1112.188,8.2637175841
1112.656,8.0917541834
1113.073,7.9470940959
1113.489,7.8085230787
1113.906,7.6737247912
1114.322,7.542084144
1114.895,7.3636282663
1115.468,7.1867136385
1116.041,7.0097476708
1116.613,6.8317132734
1117.186,6.6508337756
1117.759,6.4663756779
1118.332,6.2773642002
1118.904,6.0832007828
1119.477,5.8822702951
1120.05,5.6739612473
1120.623,5.4573025996
1121.196,5.2312860519
1121.769,4.9948695042
1122.056,4.8722113302
1122.342,4.7469847565
1122.629,4.6181855825
1122.915,4.4865816088
1123.201,4.3515994351
1123.487,4.2131026613
1123.774,4.0704501873
1124.06,3.9245049136
1124.347,3.7741433396
1124.633,3.6203461659
1124.92,3.4620070919
1125.206,3.3002414182
1125.492,3.1345777445
1125.778,2.9651680707
1126.065,2.7916607967
1126.351,2.615676823
1126.637,2.4372249493
1126.923,2.2571822756
1127.067,2.1663046384
1127.21,2.0761630016
1127.353,1.9863598647
1127.496,1.8971697278
1127.639,1.808917591
1127.782,1.7219864541
1127.925,1.6368267172
1128.068,1.5539714804
1128.251,1.4523159332
1128.433,1.3575784863
1128.615,1.2711530394
1128.706,1.2318009159
1128.797,1.1954904925
1128.889,1.1622858688
1128.98,1.1333665453
1129.071,1.1088617218
1129.162,1.0893452984
1129.253,1.0754636749
1129.344,1.0679470515
1129.435,1.067621528
1129.526,1.0754231045
1129.592,1.0867655875
1129.657,1.1030993708
1129.722,1.125036054
1129.787,1.1530993372
1129.852,1.1878673205
1129.917,1.2299773037
1129.982,1.280134287
1130.047,1.3391177702
1130.119,1.4158089517
1130.191,1.5057132331
1130.227,1.5560760238
1130.263,1.6103148145
1130.299,1.6686425053
1130.334,1.7294909962
1130.37,1.796575187
1130.406,1.8684790777
1130.442,1.9454827684
1130.477,2.0255187594
1130.513,2.1134706501
1130.549,2.2074702408
1130.585,2.3078815315
1130.62,2.4120226225
1130.656,2.5262544132
1130.692,2.648148404
1130.728,2.7781923947
1130.763,2.9129343857
1130.799,3.0606233764
1130.835,3.2181453671
1130.871,3.3861583578
1130.906,3.5602383488
1130.942,3.7510893395
1130.978,3.9547433302
1131.014,4.172112321
1131.049,4.3975403119
1131.085,4.6449733026
1131.121,4.9093662934
1131.157,5.1920222841
1131.192,5.4856912751
1131.228,5.8086822658
1131.264,6.1546052565
1131.3,6.5253532472
1131.336,6.9230132379
1131.372,7.3498902287
1131.408,7.8085272194
1131.444,8.3017422101
1131.479,8.8173632011
1131.515,9.3882201918
1131.551,10.0039311825
1131.587,10.6687231732
1131.622,11.3665451642
1131.658,12.1423421549
1131.694,12.9826781456
1131.73,13.8939071364
1131.765,14.8544781273
1131.801,15.9268631181
1131.837,17.0933071088
1131.873,18.3632860995
1131.908,19.7071480905
1131.944,21.2128950812
1131.98,22.8563260719
1132.016,24.6512370626
1132.051,26.5558470536
1132.087,28.6950350443
1132.123,31.0346190351
1132.159,33.5940020258
1132.195,36.3941450165
1132.231,39.4576380072
1132.267,42.8087689979
1132.303,46.4734979887
1132.338,50.3633489796
1132.374,54.7292709704
1132.41,59.4958979611
1132.446,64.6957459518
1132.481,70.1986839428
1132.517,76.3535859335
1132.553,83.0461459242
1132.589,90.3135259149
1132.624,97.9659659059
1132.66,106.477915897
1132.696,115.677305887
1132.732,125.601325878
1132.767,135.979125869
1132.803,147.43747586
1132.839,159.72336585
1132.875,172.866605841
1132.91,186.492125832
1132.946,201.400295823
1132.982,217.232135814
1133.018,233.999835804
1133.054,251.709485795
1133.09,270.360275786
1133.126,289.943565777
1133.162,310.442815767
1133.197,331.226605758
1133.233,353.448595749
1133.269,376.48274574
1133.34,424.070425721
1133.412,474.777775703
1133.483,526.495485684
1133.568,589.458685663
1133.652,651.240095641
1133.724,702.473945622
1133.795,750.208035604
1133.836,776.056635594
1133.876,799.804685583
1133.916,821.905775573
1133.956,842.176925563
1134.013,867.570035548
1134.069,888.146135533
1134.126,904.290205519
1134.182,915.180055504
1134.2,917.6049355
1134.219,919.589985495
1134.281,921.941995479
1134.342,918.118925463
1134.403,908.355865447
1134.464,892.929615432
1134.511,877.425995419
1134.557,859.435885408
1134.603,838.898955396
1134.649,816.076175384
1134.694,791.805545372
1134.739,765.886715361
1134.828,710.861285338
1134.959,624.619865304
1135.024,581.225535287
1135.089,538.356195271
1135.134,509.295305259
1135.179,480.934025247
1135.224,453.415675236
1135.269,426.860665224
1135.314,401.366545213
1135.359,377.008845201
1135.404,353.842555189
1135.448,332.377005178
1135.493,311.654165166
1135.538,292.177775155
1135.583,273.936005143
1135.627,257.270315132
1135.672,241.39002512
1135.717,226.644965109
1135.762,212.986295097
1135.806,200.630195086
1135.843,190.964995076
1135.88,181.927655066
1135.917,173.484678057
1135.953,165.808686048
1135.99,158.440953038
1136.027,151.569388029
1136.064,145.162282019
1136.1,139.34469001
1136.137,133.764599
1136.174,128.560958991
1136.211,123.706485981
1136.247,119.294251972
1136.284,115.055416962
1136.32,111.197754953
1136.357,107.486239944
1136.393,104.102736934
1136.438,100.163269923
1136.483,96.5175789111
1136.528,93.1379708995
1136.573,89.9993768879
1136.618,87.0791878763
1136.663,84.3570268647
1136.708,81.8145718531
1136.752,79.4866248418
1136.797,77.2528908302
1136.842,75.1548268186
1136.887,73.180579807
1136.931,71.3597547956
1136.976,69.600256784
1137.021,67.9361617724
1137.066,66.3598207608
1137.11,64.8967497495
1137.159,63.3513707368
1137.208,61.8875347242
1137.257,60.4988317116
1137.306,59.1794836989
1137.355,57.9243266863
1137.404,56.7287066737
1137.501,54.5213096487
1137.599,52.4828166234
1137.697,50.6128365981
1137.795,48.8911475729
1137.892,47.3163035479
1137.982,45.9577775247
1138.072,44.6881205015
1138.162,43.4988814783
1138.251,42.3947054553
1138.341,41.3443244321
1138.431,40.3547924089
1138.521,39.4209877857
1138.61,38.5479008628
1138.7,37.7118915396
1138.79,36.9193910164
1138.88,36.1671192932
1138.969,35.4598548702
1139.059,34.779061747
1139.148,34.1374943241
1139.238,33.5185451009
1139.327,32.9339916779
1139.507,31.8282364315
1139.686,30.8197379854
1139.865,29.8913077392
1140.044,29.0338441931
1140.223,28.239535847
1140.402,27.5016765008
1140.581,26.8144435547
1140.76,26.1727981085
1140.923,25.6244034665
1141.086,25.1071686245
1141.249,24.6184382825
1141.412,24.1558735405
1141.575,23.7173689985
1141.738,23.3010516564
1141.901,22.9052290144
1142.064,22.5283976724
1142.39,21.8263940884
1142.716,21.1855720043
1143.042,20.5980354203
1143.368,20.0571424362
1143.727,19.5087824437
1144.085,19.0052217514
1144.444,18.5383413588
1144.802,18.1062582666
1145.161,17.702708174
1145.519,17.3266816817
1145.878,16.9732419892
1146.236,16.6419385969
1146.546,16.370509317
1146.856,16.1121068371
1147.475,15.6305434775
1148.094,15.1883263179
1148.713,14.7794203583
1149.333,14.3983725985
1149.952,14.042182339
1150.571,13.7065303494
1151.19,13.3882702998
1151.712,13.1313475652
1152.234,12.8833153007
1152.756,12.6428153161
1153.277,12.4090083918
1153.832,12.1654646987
1154.386,11.9266579859
1154.94,11.6907962431
1155.494,11.4565521003
1156.048,11.2225452075
1156.602,10.9873455247
1157.156,10.7493857818
1157.71,10.506956039
1158.069,10.3465935465
1158.427,10.1834380542
1158.786,10.0159738616
1159.144,9.8444297693
1159.503,9.6670722768
1159.861,9.4840204845
1160.22,9.293266092
1160.578,9.0947606997
1160.823,8.9534977365
1161.067,8.8079228736
1161.312,8.6563386105
1161.556,8.4994210475
1161.801,8.3352570844
1162.045,8.1644948215
1162.29,7.9849726583
1162.534,7.7973265954
1162.714,7.652711949
1162.893,7.5032676029
1163.072,7.3478117568
1163.251,7.1859381106
1163.431,7.0162779642
1163.61,6.8403244181
1163.7,6.7490178949
1163.789,6.6568111719
1163.879,6.5616024487
1163.968,6.4654915258
1164.091,6.3294548941
1164.213,6.1909023626
1164.335,6.0489015312
1164.457,5.9037724997
1164.58,5.754852168
1164.641,5.6803002523
1164.702,5.6054964366
1164.763,5.5306579208
1164.824,5.4560615051
1164.885,5.3820665894
1164.946,5.3091348737
1165.036,5.2047965505
1165.081,5.1548055389
1165.126,5.1068365273
1165.171,5.0614365156
1165.216,5.019268504
1165.261,4.9811414924
1165.305,4.9487114811
1165.35,4.9216734695
1165.395,4.9022664579
1165.44,4.8922364463
1165.484,4.893516435
1165.529,4.9086524234
1165.574,4.9407824118
1165.619,4.9935414002
1165.663,5.0692173888
1165.704,5.1654003782
1165.745,5.2909743677
1165.786,5.4511933571
1165.826,5.6466833468
1165.847,5.7669663414
1165.867,5.8940353362
1165.888,6.0416573308
1165.908,6.1968303257
1165.929,6.3762783202
1165.949,6.5641103151
1165.969,6.7697043099
1165.989,6.9943603048
1166.01,7.2522652994
1166.03,7.5203752942
1166.051,7.8272112888
1166.071,8.1452382836
1166.092,8.5081632782
1166.112,8.8832932731
1166.132,9.2891112679
1166.152,9.7275962628
1166.173,10.2254242573
1166.193,10.7374392522
1166.214,11.3173492468
1166.234,11.9123712416
1166.255,12.5847212362
1166.275,13.273004231
1166.295,14.0107302259
1166.315,14.8006042207
1166.338,15.7770472148
1166.36,16.7830422091
1166.383,17.9143702032
1166.405,19.0768351975
1166.428,20.3806591916
1166.45,21.7168061859
1166.473,23.21145718
1166.495,24.7391071743
1166.518,26.4434171684
1166.54,28.1807271627
1166.563,30.1137471568
1166.585,32.0788971511
1166.608,34.2595271452
1166.63,36.4703971395
1166.652,38.8077171339
1166.674,41.2754571282
1166.695,43.7561971228
1166.715,46.2354571176
1166.735,48.8311571125
1166.755,51.5457371073
1166.776,54.5264671019
1166.796,57.4916070967
1166.816,60.5818570916
1166.836,63.7988170864
1166.861,68.00019708
1166.885,72.2235170738
1166.91,76.8218970674
1166.934,81.4278670612
1166.959,86.4248570547
1166.983,91.4118670485
1167.008,96.8022870421
1167.032,102.161877036
1167.077,112.684877024
1167.122,123.795787013
1167.167,135.448307001
1167.212,147.583696989
1167.277,165.817856973
1167.342,184.649056956
1167.433,211.420226933
1167.522,237.20489691
1167.567,249.770066898
1167.611,261.577736887
1167.656,273.032356875
1167.701,283.728166863
1167.746,293.539566852
1167.79,302.164976841
1167.831,309.25260683
1167.871,315.21420682
1167.917,320.832806808
1167.963,325.062206796
1168.0,327.421706786
1168.012,327.984106783
1168.06,329.231306771
1168.107,328.897406759
1168.149,327.311206748
1168.19,324.617786737
1168.231,320.832406727
1168.272,316.005746716
1168.314,310.045906705
1168.355,303.309326695
1168.395,295.938686684
1168.434,288.069906674
1168.512,270.629066654
1168.595,250.193996633
1168.677,228.869116612
1168.775,202.924076587
1168.824,190.092266574
1168.872,177.770736562
1168.914,167.269036551
1168.955,157.32592654
1168.996,147.73276653
1169.037,138.526306519
1169.078,129.735566508
1169.119,121.382396498
1169.16,113.481616487
1169.201,106.041626477
1169.243,98.9006064659
1169.284,92.3957364554
1169.305,89.24006645
1169.325,86.3439264448
1169.346,83.4161164394
1169.366,80.7337664342
1169.387,78.0266364288
1169.408,75.4292964234
1169.429,72.939306418
1169.449,70.6653364128
1169.47,68.3773964074
1169.49,66.2908864023
1169.511,64.1943763968
1169.531,62.2848863917
1169.549,60.6368763871
1169.567,59.0537283824
1169.585,57.5334943778
1169.603,56.0742483731
1169.621,54.6740603685
1169.639,53.3309863638
1169.657,52.0431103592
1169.674,50.8757573548
1169.692,49.6897763502
1169.71,48.5534253455
1169.728,47.4648823409
1169.745,46.4790583365
1169.763,45.4782833319
1169.781,44.5200713272
1169.799,43.6026973226
1169.816,42.7722963182
1169.834,41.9295973136
1169.852,41.1229553089
1169.887,39.6519112999
1169.905,38.9426212953
1169.923,38.2635552906
1169.958,37.0245702816
1169.994,35.8540492723
1170.029,34.8079742633
1170.065,33.817866254
1170.1,32.931017245
1170.121,32.4318312396
1170.142,31.9556052342
1170.183,31.0871102236
1170.224,30.292160213
1170.265,29.5626792025
1170.307,28.8757511916
1170.348,28.2575791811
1170.389,27.6854591705
1170.43,27.1544221599
1170.472,26.6484201491
1170.513,26.1876171385
1170.554,25.756146128
1170.595,25.3510201174
1170.637,24.9606151066
1170.678,24.601167096
1170.719,24.2611190854
1170.76,23.9386820749
1170.813,23.5454880612
1170.865,23.1830120478
1170.918,22.8348630341
1170.97,22.5121440207
1171.023,22.2006241071
1171.075,21.9105379937
1171.128,21.62936028
1171.18,21.3665329666
1171.285,20.8712175395
1171.39,20.4176017125
1171.495,20.0001021854
1171.599,19.6177076586
1171.682,19.3322900372
1171.764,19.065830716
1171.847,18.8104687946
1171.929,18.5711570735
1172.012,18.3410006521
1172.094,18.124594731
1172.258,17.7212859887
1172.423,17.3505352462
1172.588,17.0102003036
1172.753,16.6963654611
1172.917,16.4074627188
1173.097,16.1136360724
1173.277,15.841243926
1173.457,15.5877678796
1173.637,15.3510593332
1173.817,15.1292868868
1173.997,14.9208676404
1174.177,14.724429694
1174.356,14.5397759479
1174.521,14.3781276053
1174.686,14.2239610628
1175.016,13.9356323777
1175.346,13.6705417927
1175.675,13.4260010078
1176.005,13.1976977228
1176.334,12.984729638
1176.664,12.7838445529
1176.993,12.5946159681
1177.443,12.3511982521
1177.892,12.1234136363
1178.342,11.9078460203
1178.791,11.7034135046
1179.241,11.5074056986
1179.69,11.3192200928
1180.14,11.1367768368
1180.589,10.9598207811
1181.069,10.7751816773
1181.548,10.5945727338
1182.028,10.4162653801
1182.507,10.2400911866
1183.137,10.0096672342
1183.766,9.7793994221
1184.395,9.5471520099
1185.024,9.3111551978
1185.654,9.0691947054
1186.283,8.8201196132
1186.912,8.5615243111
1187.541,8.2911020489
1187.871,8.1435849639
1188.201,7.9916269788
1188.531,7.8347797937
1188.86,7.6730672089
1189.19,7.5049879238
1189.519,7.330997139
1189.849,7.1494183539
1190.178,6.9606828691
1190.508,6.762909884
1190.838,6.555865899
1191.168,6.3386921139
1191.497,6.1111813291
1191.827,5.870983744
1191.992,5.7460691015
1192.156,5.6185624592
1192.321,5.4867838167
1192.486,5.3513748741
1192.651,5.2122154316
1192.815,5.0700733893
1192.98,4.9231183468
1193.145,4.7721281043
1193.31,4.6170553617
1193.474,4.4588730194
1193.639,4.2957045769
1193.804,4.1286347344
1193.969,3.9578975918
1194.133,3.7849382496
1194.298,3.608212407
1194.463,3.4296011645
1194.628,3.250298622
1194.711,3.1603535006
1194.793,3.0720047794
1194.876,2.983422658
1194.958,2.8971282369
1195.041,2.8114806155
1195.123,2.7290923944
1195.206,2.648625573
1195.288,2.5728106518
1195.37,2.5016123307
1195.452,2.4361883095
1195.557,2.3631376825
1195.662,2.3057006554
1195.715,2.2841756417
1195.767,2.2689236283
1195.82,2.2602816147
1195.872,2.2596316013
1195.925,2.2682215876
1195.977,2.2871952742
1196.03,2.3190665605
1196.082,2.3647021471
1196.135,2.4283902335
1196.187,2.5106824201
1196.213,2.5602559134
1196.239,2.6160956067
1196.265,2.6787475
1196.291,2.7488054933
1196.318,2.8300994863
1196.344,2.9173444796
1196.37,3.0141774729
1196.396,3.1214564662
1196.423,3.2449284592
1196.449,3.3765094525
1196.475,3.5216724458
1196.501,3.6816524391
1196.528,3.8649084322
1196.554,4.0593844255
1196.58,4.2731524188
1196.606,4.5079594121
1196.633,4.7761074051
1196.659,5.0598703984
1196.685,5.3709763917
1196.711,5.711868385
1196.732,6.0107483796
1196.753,6.3322763742
1196.774,6.6780433687
1196.794,7.0314303636
1196.815,7.4294993582
1196.835,7.836054353
1196.856,8.2936873476
1196.876,8.7607323424
1196.897,9.286059337
1196.917,9.8217753319
1196.938,10.4238613265
1196.958,11.0373493213
1196.979,11.7262563159
1196.999,12.4275943107
1197.02,13.2144333053
1197.04,14.0147203002
1197.061,14.9116982948
1197.082,15.8701932893
1197.103,16.8938442839
1197.123,17.9328182788
1197.144,19.0948152734
1197.164,20.2728672682
1197.185,21.5888732628
1197.205,22.9214752576
1197.226,24.4082962522
1197.247,25.9894622468
1197.268,27.6698122414
1197.288,29.3668982362
1197.309,31.2553102308
1197.329,33.1598642257
1197.35,35.2761312203
1197.37,37.4074002151
1197.397,40.4723062081
1197.423,43.6375592014
1197.449,47.0234091947
1197.475,50.640549188
1197.502,54.6531091811
1197.528,58.7748291744
1197.554,63.1601191677
1197.58,67.819259161
1197.601,71.7891791555
1197.622,75.9493991501
1197.643,80.3048291447
1197.663,84.6386491396
1197.684,89.3884991342
1197.704,94.105779129
1197.725,99.2659291236
1197.745,104.380649118
1197.766,109.964429113
1197.786,115.487939108
1197.827,127.446229097
1197.868,140.266779087
1197.909,153.952919076
1197.951,168.864029065
1197.992,184.273389055
1198.033,200.498479044
1198.074,217.500399034
1198.116,235.669019023
1198.157,254.074369012
1198.239,292.548688991
1198.321,332.58705897
1198.403,373.244788949
1198.486,413.905718927
1198.568,452.373038906
1198.632,480.41107889
1198.696,506.065928873
1198.737,520.989738863
1198.778,534.571098852
1198.813,545.008848843
1198.847,554.058348834
1198.882,562.191238825
1198.916,568.892438817
1198.958,575.478138806
1199.0,580.139708795
1199.013,581.186238792
1199.053,583.220638781
1199.092,583.477738771
1199.131,582.039678761
1199.17,578.932108751
1199.212,573.76614874
1199.253,566.96970873
1199.295,558.298868719
1199.336,548.267038708
1199.379,536.205918697
1199.422,522.709168686
1199.465,507.931218675
1199.508,492.034638664
1199.594,457.561178642
1199.68,420.64960862
1199.798,368.429368589
1199.857,342.490328574
1199.915,317.531298559
1199.958,299.529968548
1200.001,282.059218537
1200.044,265.195738526
1200.087,249.002428515
1200.13,233.528908504
1200.173,218.811868493
1200.216,204.876268481
1200.259,191.73547847
1200.303,179.115788459
1200.346,167.585078448
1200.389,156.833968437
1200.432,146.842298426
1200.454,142.01587842
1200.475,137.584568415
1200.497,133.122178409
1200.518,129.030498404
1200.54,124.915478398
1200.561,121.146758393
1200.583,117.360824387
1200.604,113.897179381
1200.642,107.988417372
1200.679,102.657509362
1200.716,97.7184273525
1200.753,93.146646343
1200.79,88.9180063335
1200.827,85.0089133239
1200.864,81.3965553144
1200.901,78.0589663048
1200.939,74.8951932951
1200.976,72.0514132855
1201.013,69.422300276
1201.05,66.9902352664
1201.087,64.7387642569
1201.124,62.6525732474
1201.161,60.7174682378
1201.198,58.9203352283
1201.242,56.9461732169
1201.285,55.1712572059
1201.328,53.5332881948
1201.371,52.0183471837
1201.414,50.6139571726
1201.457,49.3089871615
1201.5,48.0935061504
1201.543,46.9586891393
1201.587,45.872787128
1201.63,44.8780841169
1201.673,43.9429291058
1201.716,43.0618400947
1201.759,42.2299990837
1201.802,41.4430780726
1201.845,40.6972720615
1201.888,39.9891680504
1201.947,39.0734630352
1202.006,38.21622402
1202.065,37.4115730048
1202.123,36.6668779898
1202.182,35.9521149746
1202.24,35.2877819597
1202.299,34.6476539445
1202.357,34.0505439295
1202.416,33.4732724143
1202.475,32.9240590991
1202.592,31.9098680689
1202.709,30.9839708388
1202.826,30.1349229086
1202.913,29.5477280862
1202.999,29.000610764
1203.085,28.4837877418
1203.171,27.9947682197
1203.257,27.5313182975
1203.343,27.0914266753
1203.429,26.6733315532
1203.515,26.275407831
1203.687,25.5344458866
1203.859,24.8584684423
1204.031,24.239169598
1204.203,23.6696039536
1204.376,23.140980209
1204.548,22.6544189647
1204.72,22.2024999203
1204.892,21.781597876
1205.065,21.3863417314
1205.237,21.0185597871
1205.409,20.6734913427
1205.581,20.3490333984
1205.746,20.0554345559
1205.91,19.7792569136
1206.239,19.2672960288
1206.568,18.804396244
1206.896,18.3847669594
1207.225,18.0001654746
1207.553,17.64823709
1207.882,17.3228768052
1208.21,17.0227733207
1208.555,16.7301588317
1208.899,16.4592324431
1209.244,16.2060379541
1209.588,15.9700548655
1209.933,15.7481819765
1210.277,15.5402010278
1210.621,15.3441847592
1210.965,15.1589914105
1211.623,14.8311911309
1212.28,14.5334088915
1212.938,14.2600552019
1213.595,14.0082634225
1214.253,13.7741561628
1214.91,13.5557851535
1215.567,13.3505445741
1216.224,13.1564909347
1217.226,12.8783277064
1218.228,12.6170836781
1219.23,12.3681490498
1220.231,12.1273909718
1221.233,11.8897995335
1222.047,11.6958841936
1222.861,11.4977414238
1223.268,11.3958076789
1223.675,11.291146294
1224.082,11.182988599
1224.489,11.0704534641
1224.99,10.924245345
1225.491,10.7670695158
1225.742,10.6831304911
1225.992,10.5953452967
1226.243,10.502347882
1226.493,10.4040763275
1226.838,10.2574083986
1227.01,10.1786270742
1227.182,10.0954456299
1227.354,10.0073063856
1227.526,9.9135427412
1227.698,9.8133894969
1227.87,9.7059639525
1227.996,9.6220970201
1228.121,9.5341674878
1228.246,9.4412672556
1228.371,9.3434060234
1228.497,9.2403816909
1228.56,9.1877533747
1228.622,9.1357621587
1228.685,9.0833737424
1228.747,9.0331501265
1228.81,8.9847527102
1228.872,8.9414323942
1228.916,8.9145077829
1228.959,8.8923588718
1229.002,8.8754938607
1229.045,8.8652999496
1229.088,8.8634280386
1229.131,8.8718231275
1229.174,8.8927673164
1229.217,8.9289190053
1229.26,8.9833480942
1229.303,9.0595845831
1229.346,9.161648972
1229.389,9.294094961
1229.411,9.3752399553
1229.432,9.4620389499
1229.454,9.5635119442
1229.475,9.6711819388
1229.497,9.7961359331
1229.518,9.9278329277
1229.54,10.079729922
1229.561,10.2389099166
1229.579,10.387067912
1229.597,10.5466579073
1229.615,10.7182769027
1229.632,10.8919638983
1229.65,11.0887568937
1229.667,11.2873628893
1229.685,11.5117788847
1229.702,11.7376668803
1229.72,11.9922598756
1229.738,12.263394871
1229.756,12.5517828663
1229.773,12.840636862
1229.791,13.1646308573
1229.808,13.4884118529
1229.826,13.8507728483
1229.843,14.2120968439
1229.861,14.6155958393
1229.879,15.0413298346
1229.897,15.49002483
1229.914,15.9355218256
1229.932,16.430911821
1229.949,16.9217528166
1229.984,18.0050668076
1230.019,19.1902317986
1230.054,20.4816477895
1230.089,21.8832787805
1230.124,23.3985007715
1230.146,24.4103307658
1230.168,25.4686707601
1230.211,27.6729407491
1230.254,30.057740738
1230.297,32.6222707269
1230.34,35.3631507158
1230.383,38.2743307047
1230.426,41.3468306936
1230.469,44.5686106825
1230.528,49.2039606673
1230.587,54.0428706521
1230.646,59.0260506369
1230.704,63.998490622
1230.79,71.3462905998
1230.833,74.9374705887
1230.875,78.3478605779
1230.919,81.7817605665
1230.962,84.9651705555
1230.985,86.5860405495
1231.026,89.314530539
1231.067,91.8138405284
1231.11,94.1613505173
1231.153,96.2028305062
1231.181,97.356690499
1231.204,98.1963304931
1231.227,98.9355704871
1231.25,99.5721504812
1231.285,100.339730472
1231.3,100.593300468
1231.307,100.696010467
1231.326,100.924510462
1231.345,101.079250457
1231.374,101.172960449
1231.401,101.105790442
1231.451,100.592270429
1231.506,99.4584804152
1231.561,97.757220401
1231.616,95.5285803869
1231.67,92.8753403729
1231.725,89.7557603588
1231.78,86.2780103446
1231.855,81.0800103253
1231.93,75.5156903059
1232.04,67.0487402776
1232.095,62.8149002634
1232.149,58.7292102495
1232.204,54.6867702353
1232.259,50.8040002211
1232.287,48.8993302139
1232.314,47.1132402069
1232.341,45.3794902
1232.368,43.700390193
1232.395,42.077810186
1232.421,40.5701101793
1232.447,39.1171601726
1232.473,37.7196401659
1232.499,36.3779101592
1232.525,35.0920631525
1232.551,33.8619431458
1232.577,32.6871461391
1232.604,31.5250461322
1232.63,30.4608821255
1232.656,29.4495551188
1232.682,28.4899161121
1232.708,27.5806581054
1232.734,26.7203560987
1232.76,25.907483092
1232.786,25.1404530852
1232.814,24.363758078
1232.841,23.6612890711
1232.869,22.9788840639
1232.896,22.3632090569
1232.924,21.7665000497
1232.951,21.2293140427
1232.979,20.7097060355
1233.006,20.2427840285
1233.034,19.7918750213
1233.061,19.3872570144
1233.089,18.9970090071
1233.116,18.6471860002
1233.144,18.310055993
1233.171,18.008028986
1233.198,17.727082979
1233.225,17.4657409721
1233.249,17.2487699659
1233.273,17.0452559597
1233.32,16.6823210476
1233.367,16.3614809355
1233.414,16.0772461234
1233.462,15.819660711
1233.509,15.5951094989
1233.556,15.3941431868
1233.603,15.2135132746
1233.651,15.0470904623
1233.698,14.8993401502
1233.745,14.764552638
1233.792,14.6409384259
1233.84,14.5246840135
1233.887,14.4193197014
1233.981,14.2295692772
1234.091,14.0357824488
1234.201,13.8653383205
1234.311,13.7130552921
1234.42,13.576519464
1234.53,13.4506496357
1234.639,13.3358775076
1234.858,13.1297863511
1235.038,12.9803288047
1235.217,12.8460864586
1235.396,12.7238026124
1235.575,12.6116486663
1235.755,12.5075632699
1235.934,12.4115251437
1236.292,12.2380073114
1236.512,12.1415784247
1236.731,12.0520092483
1237.169,11.8888098654
1237.607,11.7426562624
1238.045,11.6097312395
1238.484,11.4869251764
1238.922,11.3726226835
1239.36,11.2648321806
1239.798,11.1622498976
1240.237,11.0635367645
1240.675,10.9681921616
1241.113,10.8751824086
1241.551,10.7837574157
1242.01,10.6888756274
1242.468,10.5943994793
1242.926,10.4993635013
1243.384,10.4029770532
1243.843,10.3041582849
1244.301,10.2023580668
1244.759,10.0962516887
1245.217,9.9844666707
1245.656,9.8704087075
1246.094,9.7479504646
1246.532,9.6144165717
1246.751,9.5425303152
1246.97,9.4665887688
1247.16,9.3969634198
1247.349,9.3237920111
1247.539,9.2457760721
1247.728,9.1631279334
1247.918,9.0742487844
1248.107,8.9792230357
1248.296,8.8766206869
1248.485,8.7653284382
1248.595,8.6961246099
1248.704,8.6241482818
1248.814,8.5480840534
1248.923,8.4696262253
1249.033,8.3882279969
1249.142,8.3072837688
1249.197,8.2673973547
1249.252,8.2290388405
1249.307,8.1931503263
1249.361,8.1615042124
1249.414,8.1353538987
1249.466,8.1161603853
1249.519,8.1053857717
1249.571,8.1060832583
1249.624,8.1216022446
1249.676,8.1552813312
1249.728,8.2118922178
1249.754,8.2504764111
1249.78,8.2969237044
1249.807,8.3543754974
1249.833,8.4195086907
1249.859,8.495246684
1249.885,8.5826306773
1249.911,8.6827706706
1249.937,8.7968556639
1249.963,8.9261426572
1249.989,9.0719676505
1250.016,9.2424186435
1250.042,9.4264056368
1250.068,9.6314496301
1250.094,9.8591846234
1250.12,10.1113166167
1250.146,10.38961361
1250.172,10.6959136033
1250.198,11.0321035966
1250.226,11.4298065894
1250.253,11.8505875824
1250.281,12.3280645752
1250.308,12.8304915683
1250.336,13.397580561
1250.363,13.9912005541
1250.39,14.6330665471
1250.417,15.3254315402
1250.445,16.0991255329
1250.472,16.901069526
1250.5,17.7928605188
1250.527,18.7127475118
1250.555,19.7307875046
1250.582,20.7758784976
1250.609,21.8846554907
1250.636,23.0582554837
1250.66,24.1566654775
1250.684,25.3074954713
1250.731,27.7140654592
1250.778,30.3226254471
1250.825,33.129945435
1250.873,36.1949954226
1250.92,39.3792354105
1250.967,42.7297953984
1251.014,46.2278753863
1251.069,50.4776953721
1251.124,54.8542853579
1251.233,63.6977753298
1251.308,69.7164253105
1251.383,75.4900752911
1251.428,78.7649052795
1251.472,81.7861752682
1251.51,84.2256552584
1251.547,86.4290952489
1251.601,89.3037852349
1251.646,91.3582452233
1251.674,92.4680352161
1251.701,93.4098152092
1251.729,94.2489952019
1251.754,94.8769651955
1251.791,95.591625186
1251.8,95.7262051836
1251.807,95.8201751818
1251.826,96.0278751769
1251.844,96.1606251723
1251.882,96.2359451625
1251.92,96.0343351527
1251.961,95.5106251421
1251.993,94.8860851339
1252.024,94.1060551259
1252.062,92.9237951161
1252.1,91.5047151063
1252.142,89.6787650955
1252.183,87.6565250849
1252.259,83.3615650653
1252.335,78.4935050457
1252.411,73.2212150261
1252.487,67.7135150065
1252.598,59.5750449779
1252.653,55.6197849638
1252.708,51.7770849496
1252.746,49.2078249398
1252.784,46.72073493
1252.822,44.3246349202
1252.86,42.0267149104
1252.898,39.8326549006
1252.936,37.7466548908
1252.974,35.771484881
1253.012,33.9086368712
1253.037,32.7445238648
1253.061,31.6727088586
1253.085,30.6453528524
1253.109,29.6620008462
1253.133,28.72206084
1253.157,27.8248168338
1253.181,26.9694218276
1253.205,26.1549658215
1253.23,25.348998815
1253.254,24.6148958088
1253.278,23.9184228026
1253.302,23.2583867965
1253.326,22.6335347903
1253.35,22.0426027841
1253.374,21.4842767779
1253.398,20.9572497717
1253.418,20.5410207665
1253.437,20.1641797617
1253.456,19.8047877568
1253.475,19.4621907519
1253.494,19.135742747
1253.513,18.8248017421
1253.532,18.5287577372
1253.551,18.2469837323
1253.57,17.9788747274
1253.589,17.7238457225
1253.627,17.2507057127
1253.665,16.8231067029
1253.703,16.4368476931
1253.741,16.0879946833
1253.779,15.7728706735
1253.817,15.4880666637
1253.855,15.2304535539
1253.893,14.9971682441
1253.931,14.7855961343
1253.969,14.5933617245
1254.007,14.4183307147
1254.052,14.2306735031
1254.097,14.0616109915
1254.142,13.9086743799
1254.187,13.7697104683
1254.232,13.6428707567
1254.277,13.5265424451
1254.366,13.3222281222
1254.456,13.143480099
1254.546,12.9863294758
1254.636,12.8461052526
1254.725,12.7207567296
1254.878,12.5295258902
1255.03,12.363129351
1255.182,12.2149472118
1255.334,12.0814104726
1255.486,11.9599660334
1255.638,11.8486699943
1255.79,11.7460166551
1255.942,11.6507785159
1256.122,11.5462615295
1256.301,11.4499599433
1256.66,11.2756018808
1257.019,11.1210817984
1257.378,10.9816720865
1257.708,10.8638735838
1258.038,10.7538778762
1258.368,10.6500539797
1258.697,10.5513596722
1259.027,10.4560877501
1259.357,10.3635517246
1259.687,10.2728676609
1260.016,10.183510521
1260.323,10.1004029349
1260.63,10.0169479512
1260.937,9.9325207284
1261.244,9.8464735258
1261.551,9.7580966333
1261.858,9.6665929308
1262.165,9.5710457583
1262.471,9.4707210156
1262.846,9.3389613936
1263.034,9.2684254427
1263.221,9.1947264217
1263.409,9.1165655307
1263.596,9.0341812697
1263.784,8.9459968988
1263.971,8.8521393277
1264.108,8.7789567489
1264.244,8.7021524699
1264.38,8.620791991
1264.516,8.534501412
1264.653,8.4423892332
1264.789,8.3460772542
1264.857,8.2964600648
1264.925,8.2462840753
1264.993,8.1960836858
1265.061,8.1466607963
1265.155,8.0818608109
1265.202,8.0522515181
1265.249,8.0255263254
1265.296,8.0026868327
1265.343,7.9849611399
1265.39,7.9738473472
1265.436,7.9711087543
1265.483,7.9787559616
1265.53,7.9995157689
1265.577,8.0364276761
1265.624,8.0930491834
1265.671,8.1735150907
1265.718,8.2825943979
1265.742,8.3510594017
1265.765,8.4257324052
1265.788,8.5100284088
1265.811,8.6047384123
1265.85,8.7914974184
1265.888,9.0087454242
1265.908,9.1385534273
1265.927,9.2725444303
1265.946,9.4175444332
1265.965,9.5741774362
1265.985,9.7523234393
1266.004,9.9348544422
1266.023,10.1310284451
1266.042,10.3415424481
1266.061,10.567109451
1266.08,10.8084544539
1266.099,11.0663204569
1266.118,11.3414654598
1266.138,11.6505954629
1266.157,11.9636094659
1266.176,12.2962644688
1266.195,12.6493474717
1266.214,13.0236494747
1266.233,13.4199604776
1266.252,13.8390694806
1266.271,14.2817584835
1266.291,14.7740744866
1266.31,15.2675824895
1266.329,15.7869984925
1266.348,16.3330524954
1266.367,16.9064544983
1266.386,17.5078845013
1266.424,18.7974215072
1266.448,19.6731705109
1266.471,20.5581755144
1266.495,21.5303325181
1266.518,22.5093945217
1266.542,23.5811545254
1266.565,24.656804529
1266.589,25.8302245327
1266.612,27.0038345362
1266.659,29.5511745435
1266.706,32.2964845508
1266.753,35.2340245581
1266.799,38.2861845652
1266.833,40.6475645704
1266.867,43.0916445757
1266.935,48.1972245862
1267.003,53.5307045967
1267.071,59.0032346073
1267.165,66.6027246218
1267.212,70.3320246291
1267.259,73.9599446363
1267.306,77.4445846436
1267.353,80.7442546509
1267.37,81.8842646535
1267.413,84.6234046602
1267.455,87.0769746667
1267.502,89.5313546739
1267.548,91.606164681
1267.578,92.7722446857
1267.602,93.5937646894
1267.625,94.285434693
1267.648,94.8814046965
1267.682,95.5835047018
1267.7,95.8675547046
1267.707,95.9614747056
1267.726,96.1695447086
1267.745,96.3088747115
1267.786,96.3750647179
1267.829,96.1019847245
1267.871,95.502364731
1267.929,94.15161474
1267.971,92.8132947465
1268.013,91.191854753
1268.056,89.2598247596
1268.098,87.1304047661
1268.171,82.9348047774
1268.243,78.3006747886
1268.328,72.3900148017
1268.413,66.2223248149
1268.513,58.9288648303
1268.563,55.3581748381
1268.612,51.9507648456
1268.655,49.0562548523
1268.697,46.3303748588
1268.739,43.7161348653
1268.781,41.2226248718
1268.824,38.8020348784
1268.866,36.5717948849
1268.908,34.4767888914
1268.929,33.4803828947
1268.95,32.5180088979
1268.972,31.5461719013
1268.993,30.6529879046
1269.014,29.7931599078
1269.035,28.9663009111
1269.056,28.1719629143
1269.077,27.4096169176
1269.098,26.6786769208
1269.119,25.9785069241
1269.14,25.3084379273
1269.161,24.6677459306
1269.182,24.0556649338
1269.203,23.4714159371
1269.224,22.9141819403
1269.245,22.3831319436
1269.266,21.8774109468
1269.287,21.3961629501
1269.309,20.9173019535
1269.33,20.4834539567
1269.351,20.07142996
1269.372,19.6803609632
1269.393,19.3093849665
1269.414,18.9576469697
1269.435,18.624326973
1269.456,18.3085719762
1269.478,17.9957579796
1269.499,17.7135019829
1269.52,17.4464049861
1269.541,17.1937389894
1269.562,16.9547619926
1269.583,16.7287739959
1269.625,16.3130550024
1269.668,15.933065009
1269.71,15.6016350155
1269.752,15.305050622
1269.794,15.0393362285
1269.836,14.800895335
1269.878,14.5864967415
1269.92,14.393231348
1269.962,14.2185465545
1270.005,14.0565437611
1270.047,13.9127107676
1270.089,13.7813402741
1270.131,13.6608788806
1270.174,13.5474494873
1270.216,13.4451246938
1270.3,13.2616916068
1270.385,13.0994694199
1270.469,12.9573531329
1270.554,12.8282459461
1270.638,12.7124642591
1270.719,12.6100385716
1270.8,12.5152589841
1270.961,12.345611309
1271.122,12.1961141339
1271.283,12.0627193588
1271.444,11.9425392838
1271.605,11.8334375087
1271.766,11.7337438336
1271.927,11.6421254885
1272.096,11.5534793346
1272.265,11.4715172108
1272.603,11.324482953
1272.941,11.1957891653
1273.278,11.0820094775
1273.601,10.9840044774
1273.923,10.8951843572
1274.245,10.8137939771
1274.567,10.7387143769
1275.212,10.6038572367
1275.856,10.4855814963
1276.317,10.4088342176
1276.777,10.3376726388
1277.698,10.2083921812
1278.619,10.0927922037
1279.539,9.9876870261
1280.399,9.8968156091
1281.259,9.8116653321
1282.119,9.7311839552
1282.978,9.6546754481
1284.697,9.510672794
1286.416,9.3755393299
1287.89,9.2648472779
1289.363,9.1577016058
1290.837,9.0529854038
1292.31,8.9500501417
1295.257,8.7466432376
1298.204,8.5428827435
1301.151,8.3347454194
1302.625,8.2277097374
1304.098,8.1180451453
1306.554,7.9274236353
1307.782,7.8275406552
1309.009,7.7239935051
1310.237,7.615967535
1311.465,7.502780255
1312.693,7.383594565
1313.92,7.2573519248
1315.271,7.1080374938
1316.622,6.9455453328
1317.298,6.8582428373
1317.973,6.7663571418
1318.649,6.6689407663
1319.324,6.5654812408
1320.122,6.4338674842
1320.92,6.2901368877
1321.319,6.2128548194
1321.718,6.1314133411
1322.117,6.0453255128
1322.516,5.9540192046
1322.823,5.879790782
1323.13,5.8017118095
1323.437,5.719371457
1323.744,5.6322986345
1324.051,5.539948182
1324.358,5.4416868995
1324.665,5.336772117
1324.972,5.2243258645
1325.31,5.0905833168
1325.479,5.0193283429
1325.647,4.9453024689
1325.816,4.8673799951
1325.985,4.7857238212
1326.154,4.7000451473
1326.322,4.6105860733
1326.491,4.5159626995
1326.66,4.4163713256
1326.829,4.3115097518
1326.998,4.2011523779
1327.167,4.0852271041
1327.336,3.9640816302
1327.421,3.9015244434
1327.505,3.8390216563
1327.589,3.7763535693
1327.673,3.7143150823
1327.773,3.6430075978
1327.873,3.5776071133
1327.923,3.548648921
1327.973,3.5233291287
1328.023,3.5027710365
1328.073,3.4883739442
1328.123,3.481863852
1328.173,3.4853599597
1328.223,3.5014522674
1328.273,3.5332807752
1328.323,3.5846353829
1328.373,3.6600529906
1328.423,3.7649360984
1328.472,3.9024591059
1328.515,4.0570401126
1328.557,4.2440781191
1328.578,4.3527501223
1328.599,4.4725601256
1328.62,4.6043421288
1328.641,4.7489771321
1328.662,4.9073981353
1328.683,5.0805851386
1328.704,5.2695721418
1328.725,5.4754431451
1328.746,5.6993371483
1328.767,5.9424461516
1328.788,6.2060181548
1328.809,6.4913531581
1328.831,6.8150951615
1328.852,7.1492801647
1328.873,7.509526168
1328.894,7.8973531712
1328.915,8.3143281745
1328.936,8.7620711777
1328.957,9.242248181
1328.978,9.7565721842
1328.999,10.3067971875
1329.02,10.8947141907
1329.041,11.522154194
1329.062,12.1909761972
1329.083,12.9030672005
1329.104,13.6603362037
1329.125,14.464704207
1329.146,15.3181092102
1329.171,16.4006852141
1329.196,17.5587582179
1329.221,18.7955522218
1329.246,20.1142632257
1329.271,21.5180032295
1329.296,23.0097902334
1329.321,24.5925462373
1329.346,26.2690242411
1329.371,28.041854245
1329.396,29.9134342489
1329.421,31.8859642528
1329.446,33.9613842566
1329.471,36.1413542605
1329.496,38.4272542644
1329.521,40.8201242682
1329.546,43.3206042721
1329.577,46.5710442769
1329.608,49.9870142817
1329.639,53.5670642865
1329.669,57.1854742911
1329.7,61.0798642959
1329.73,64.9943343006
1329.761,69.1838143053
1329.791,73.37100431
1329.845,81.2106643183
1329.899,89.3901343267
1329.953,97.8404443351
1330.006,106.319514343
1330.091,120.079164356
1330.175,133.523064369
1330.221,140.666904376
1330.267,147.563684384
1330.31,153.72259439
1330.352,159.411924397
1330.394,164.725144403
1330.436,169.61174441
1330.497,175.853144419
1330.54,179.582124426
1330.582,182.646624432
1330.625,185.161204439
1330.685,187.571264448
1330.7,187.968964451
1330.706,188.104874451
1330.723,188.417744454
1330.739,188.614574457
1330.772,188.721144462
1330.824,188.07443447
1330.862,186.980674476
1330.9,185.376164482
1330.939,183.216054488
1330.977,180.632854493
1331.015,177.602664499
1331.053,174.153904505
1331.126,166.472294516
1331.198,157.740594528
1331.274,147.566064539
1331.35,136.716404551
1331.468,119.252144569
1331.527,110.522704579
1331.586,101.951954588
1331.624,96.5630545936
1331.662,91.3048845994
1331.7,86.1978446053
1331.738,81.2594346112
1331.776,76.5043546171
1331.814,71.9445146229
1331.852,67.5891246288
1331.89,63.4448546347
1331.932,59.1150146412
1331.973,55.1444946475
1332.015,51.339164654
1332.056,47.8773146604
1332.077,46.1993566636
1332.098,44.5847646669
1332.119,43.0325416701
1332.139,41.6112306732
1332.16,40.1775646765
1332.181,38.8027826797
1332.202,37.485533683
1332.222,36.2832186861
1332.242,35.1305566892
1332.261,34.0803116921
1332.28,33.072556695
1332.299,32.106118698
1332.318,31.1798147009
1332.337,30.2924407039
1332.356,29.4427917068
1332.375,28.6296657097
1332.394,27.8518537127
1332.413,27.1081587156
1332.432,26.3973617186
1332.451,25.7182877215
1332.47,25.0697487244
1332.489,24.4506037274
1332.508,23.8596917303
1332.527,23.2958887332
1332.547,22.7304967363
1332.566,22.2189137393
1332.585,21.7311567422
1332.604,21.2661827452
1332.642,20.400625751
1332.68,19.6145707569
1332.718,18.9007947628
1332.756,18.2525507687
1332.794,17.6635897746
1332.832,17.1281027804
1332.87,16.6407697863
1332.908,16.1967067922
1332.946,15.7914607981
1332.984,15.4210048039
1333.022,15.0816686098
1333.06,14.7701585157
1333.098,14.4835026216
1333.136,14.2190628275
1333.174,13.9744550333
1333.212,13.7475706392
1333.25,13.5365278451
1333.288,13.339663751
1333.364,12.9827401627
1333.44,12.6669356745
1333.503,12.4307734842
1333.565,12.2173799938
1333.628,12.0171001036
1333.69,11.8340725132
1333.815,11.5004896325
1333.939,11.2077056517
1334.064,10.943303971
1334.188,10.7060458902
1334.313,10.4880153095
1334.437,10.2895719287
1334.59,10.0656273524
1334.742,9.8626915759
1334.894,9.6764029994
1335.046,9.5044843229
1335.199,9.3440538466
1335.351,9.1956516701
1335.503,9.0568854936
1335.655,8.9266533171
1335.932,8.70826496
1336.209,8.5105095028
1336.486,8.3297846457
1336.763,8.1632652885
1337.04,8.0087063314
1337.317,7.8642943743
1337.594,7.7285452171
1337.87,7.6006788598
1338.258,7.4314760598
1338.646,7.2725395699
1339.034,7.1220087099
1339.421,6.9787248198
1339.809,6.8406774998
1340.196,6.7075087196
1340.584,6.5776310697
1340.971,6.4509626495
1341.581,6.2556015439
1342.19,6.0639373781
1342.799,5.8738026823
1343.408,5.6835864565
1344.017,5.4918488407
1344.626,5.2972567649
1345.235,5.0985484992
1345.844,4.8944974934
1346.315,4.7322517662
1346.786,4.5655238391
1347.257,4.393750912
1347.727,4.2167638847
1348.198,4.0332544575
1348.669,3.8430097304
1349.14,3.6454320033
1349.61,3.440427276
1349.915,3.3029962232
1350.219,3.1624722702
1350.524,3.0178875174
1350.828,2.8701923644
1351.133,2.7184872116
1351.437,2.5639393586
1351.742,2.4058396058
1352.046,2.2457227528
1352.323,2.0982573957
1352.6,1.9501538385
1352.877,1.8025910814
1353.016,1.7292436029
1353.154,1.6572242242
1353.293,1.5858032457
1353.431,1.5163764671
1353.57,1.4483777886
1353.708,1.3833050099
1353.847,1.3208397314
1353.985,1.2626173528
1354.123,1.2090520741
1354.261,1.1611929955
1354.407,1.1181750181
1354.552,1.0849642405
1354.625,1.0725031518
1354.698,1.0633136631
1354.771,1.0577559744
1354.843,1.0562228855
1354.916,1.0591148968
1354.989,1.0669821081
1355.062,1.0803866194
1355.134,1.0996467305
1355.207,1.1260010418
1355.28,1.1600281531
1355.353,1.2026399644
1355.425,1.2540872755
1355.508,1.3264923884
1355.59,1.4136915011
1355.667,1.511781413
1355.705,1.5666522189
1355.743,1.6261869247
1355.781,1.6907111306
1355.819,1.7605738365
1355.857,1.8361606424
1355.895,1.9178857483
1355.934,2.0086231543
1355.972,2.1042303602
1356.01,2.207489166
1356.048,2.3189997719
1356.086,2.4394207778
1356.124,2.5694783837
1356.162,2.7099703896
1356.2,2.8617803954
1356.235,3.0124584009
1356.27,3.1744074063
1356.305,3.3485524117
1356.339,3.5303674169
1356.374,3.7316414224
1356.408,3.9420324276
1356.443,4.175248433
1356.477,4.4193704383
1356.512,4.6903774437
1356.547,4.9831854491
1356.582,5.2998124545
1356.616,5.6323184598
1356.651,6.0026664652
1356.685,6.3922464705
1356.72,6.8268994759
1356.754,7.2848904811
1356.773,7.5574114841
1356.792,7.842606487
1356.811,8.14113549
1356.83,8.4536904929
1356.849,8.7810024958
1356.868,9.1238424988
1356.887,9.4830175017
1356.906,9.8593815047
1356.925,10.2538275076
1356.944,10.6672965105
1356.963,11.1007765135
1356.982,11.5553015164
1357.001,12.0319605194
1357.02,12.5318925223
1357.039,13.0562915252
1357.058,13.6064095282
1357.077,14.1835525311
1357.096,14.7890905341
1357.115,15.424459537
1357.134,16.0911425399
1357.153,16.7906965429
1357.172,17.5247675458
1357.191,18.2950175488
1357.21,19.1032355517
1357.229,19.9512295546
1357.248,20.8409345576
1357.267,21.7742995605
1357.286,22.7533865634
1357.305,23.7803195664
1357.324,24.8572955693
1357.343,25.9865935723
1357.362,27.1705725752
1357.382,28.4785835783
1357.401,29.7824545812
1357.42,31.1486215842
1357.439,32.5797525871
1357.458,34.0785415901
1357.477,35.647808593
1357.496,37.2903905959
1357.515,39.0092095989
1357.535,40.904149602
1357.554,42.7888786049
1357.573,44.7591356078
1357.592,46.8180726108
1357.611,48.9688916137
1357.63,51.2148196167
1357.649,53.5591316196
1357.668,56.0051286225
1357.706,61.2154986284
1357.744,66.8726286343
1357.782,73.0032186402
1357.82,79.6336786461
1357.858,86.7897386519
1357.896,94.4961686578
1357.934,102.776338664
1357.972,111.65185867
1358.01,121.141998675
1358.048,131.263578681
1358.086,142.029828687
1358.124,153.450828693
1358.162,165.531958699
1358.2,178.274478705
1358.238,191.674138711
1358.276,205.721458717
1358.315,220.795608723
1358.353,236.101088729
1358.391,251.987508734
1358.429,268.41953874
1358.505,302.743328752
1358.581,338.648018764
1358.747,419.82678879
1358.824,457.205898801
1358.9,492.829728813
1358.976,526.359968825
1359.052,556.970818837
1359.094,572.345078843
1359.135,586.141488849
1359.177,598.919948856
1359.218,609.972298862
1359.266,621.01006887
1359.314,629.885748877
1359.362,636.506858885
1359.409,640.742388892
1359.417,641.238898893
1359.444,642.429588897
1359.471,642.871278901
1359.525,641.51447891
1359.579,637.211668918
1359.633,630.050908927
1359.673,622.979198933
1359.713,614.476818939
1359.753,604.621108945
1359.792,593.791918951
1359.852,574.98599896
1359.911,554.25831897
1359.97,531.671108979
1360.029,507.592338988
1360.155,452.881909007
1360.28,396.956479027
1360.343,369.103589036
1360.405,342.333149046
1360.467,316.456129056
1360.529,291.683509065
1360.586,270.025389074
1360.643,249.535309083
1360.7,230.278149092
1360.756,212.5958391
1360.785,203.925529105
1360.813,195.869129109
1360.842,187.849429114
1360.87,180.416469118
1360.899,173.035309122
1360.927,166.210389127
1360.955,159.676189131
1360.983,153.426619135
1361.015,146.62414914
1361.046,140.370029145
1361.077,134.43574915
1361.108,128.810175155
1361.139,123.481960159
1361.17,118.439142164
1361.201,113.669955169
1361.232,109.162337174
1361.264,104.770919179
1361.295,100.757880184
1361.326,96.9702331884
1361.357,93.3963811932
1361.388,90.024986198
1361.419,86.8449932028
1361.45,83.8456942076
1361.481,81.0167302124
1361.527,77.1116032195
1361.572,73.6034432265
1361.618,70.3079402336
1361.663,67.3427652406
1361.709,64.5517192477
1361.754,62.0343652546
1361.799,59.7079502616
1361.844,57.5545772686
1361.89,55.5152702757
1361.935,53.6636782826
1361.981,51.9035292898
1362.026,50.2991372967
1362.072,48.7678653038
1362.117,47.3664473108
1362.162,46.0517573178
1362.207,44.8160113247
1362.27,43.2054813345
1362.332,41.7420293441
1362.395,40.3642203538
1362.457,39.1038393634
1362.52,37.9097023731
1362.582,36.8108283827
1362.645,35.7639223925
1362.707,34.7955494021
1362.77,33.8685314118
1362.832,33.0072024214
1362.895,32.1792334312
1362.957,31.4069654407
1363.02,30.6619054505
1363.082,29.9646244601
1363.144,29.3002364697
1363.206,28.6662934793
1363.331,27.4719744986
1363.456,26.3770220179
1363.581,25.3685098373
1363.705,24.4428680565
1363.83,23.5761438758
1363.955,22.7683666951
1364.08,22.0129243145
1364.204,21.3096100336
1364.329,20.642153453
1364.454,20.0120818723
1364.579,19.4155826917
1364.703,18.8537270108
1364.828,18.3144961302
1364.953,17.7998897495
1365.078,17.3075289689
1365.202,16.839002288
1365.327,16.3848278074
1365.452,15.9471140267
1365.577,15.5242566461
1365.701,15.1180136652
1365.826,14.7205034846
1365.951,14.3337938039
1366.076,13.9567168233
1366.2,13.5910924424
1366.382,13.0675738706
1366.575,12.5265342005
1366.768,11.9968071303
1366.961,11.4753336602
1367.154,10.95924719
1367.251,10.701056605
1367.347,10.4458948199
1367.444,10.1881557349
1367.54,9.9329009497
1367.637,9.6745930647
1367.733,9.4183913796
1367.829,9.1615556944
1367.925,8.9041362093
1368.05,8.5685017286
1368.175,8.233626548
1368.238,8.0659448577
1368.3,7.9023338673
1368.362,7.7408748769
1368.424,7.5825819865
1368.487,7.4263764962
1368.549,7.2790416058
1368.612,7.1382788156
1368.674,7.0116923252
1368.737,6.8993573349
1368.799,6.8100693445
1368.861,6.7484853541
1368.923,6.7229123637
1368.966,6.7317083703
1369.009,6.766926377
1369.052,6.8333653836
1369.094,6.9336833901
1369.137,7.0788473968
1369.179,7.2689224033
1369.201,7.3900594067
1369.222,7.5209314099
1369.243,7.6678054132
1369.264,7.8318404164
1369.286,8.0234294198
1369.307,8.2264994231
1369.328,8.4506724263
1369.349,8.6973864296
1369.371,8.981664433
1369.392,9.2793074362
1369.413,9.6043064395
1369.434,9.9583934427
1369.456,10.3625114461
1369.477,10.7818784494
1369.498,11.2360744526
1369.519,11.7271334559
1369.541,12.2834164593
1369.562,12.8566194625
1369.583,13.4733394658
1369.604,14.135902469
1369.62,14.6729544715
1369.636,15.239085474
1369.652,15.8353954765
1369.667,16.4228384788
1369.683,17.0808304813
1369.698,17.7281134836
1369.714,18.4521054861
1369.729,19.1633454884
1369.745,19.9577864908
1369.761,20.7903384933
1369.792,22.5164384981
1369.823,24.3990585029
1369.854,26.4471075077
1369.886,28.7441385127
1369.917,31.1555625175
1369.948,33.7588505223
1369.979,36.562250527
1370.01,39.5736505318
1370.041,42.8004505366
1370.072,46.2494805414
1370.103,49.9268505462
1370.132,53.5784405507
1370.16,57.301580555
1370.189,61.3650105595
1370.217,65.4903805639
1370.246,69.9734405684
1370.274,74.5051305727
1370.302,79.235620577
1370.33,84.1630605813
1370.36,89.657680586
1370.39,95.3700305906
1370.42,101.293630595
1370.449,107.2129706
1370.509,120.023400609
1370.568,133.280970618
1370.631,148.027550628
1370.693,162.971130638
1370.818,193.592880657
1370.88,208.572870666
1370.942,223.088420676
1370.988,233.408730683
1371.033,243.02364069
1371.095,255.3169107
1371.158,266.457980709
1371.22,275.877420719
1371.281,283.469670729
1371.326,287.920410735
1371.371,291.344610742
1371.4,292.991790747
1371.415,293.669270749
1371.46,294.981070756
1371.505,295.208880763
1371.545,294.506180769
1371.585,292.964750776
1371.625,290.605490782
1371.664,287.544500788
1371.708,283.230520795
1371.751,278.184030801
1371.824,267.907440812
1371.896,255.944490824
1371.976,240.951980836
1372.055,224.867510848
1372.163,201.706360865
1372.271,178.247320882
1372.351,161.277480894
1372.391,153.0461209
1372.43,145.229090906
1372.47,137.454800912
1372.51,129.952280919
1372.55,122.742250925
1372.589,116.009790931
1372.629,109.421740937
1372.669,103.162910943
1372.709,97.2378909494
1372.748,91.7835009554
1372.788,86.5182209616
1372.827,81.7009309676
1372.867,77.0777759738
1372.906,72.8713999798
1372.943,69.1465489856
1372.979,65.7615789911
1373.015,62.6029389967
1373.051,59.6605190023
1373.087,56.9238330079
1373.123,54.3821290134
1373.159,52.024539019
1373.195,49.8401600246
1373.214,48.7534660275
1373.232,47.7642840303
1373.268,45.8982790359
1373.304,44.1735270414
1373.34,42.580021047
1373.376,41.1081750526
1373.412,39.7487890581
1373.448,38.4931500637
1373.484,37.3329870693
1373.524,36.1464440755
1373.564,35.0582260816
1373.604,34.0591140878
1373.643,33.1626460939
1373.683,32.3151991001
1373.723,31.5336131062
1373.763,30.8113871124
1373.802,30.1587351185
1373.842,29.5369781247
1373.882,28.9586921308
1373.922,28.419543137
1373.961,27.9278701431
1374.001,27.4550441492
1374.04,27.0217671553
1374.08,26.6031211615
1374.119,26.2176959675
1374.188,25.5846132782
1374.257,25.0058351889
1374.326,24.4734850995
1374.394,23.98797571
1374.463,23.5297959207
1374.531,23.1080073312
1374.6,22.7066165419
1374.668,22.3343478524
1374.737,21.9777453631
1374.805,21.6450630736
1374.942,21.0244503948
1375.079,20.460871316
1375.216,19.9454432372
1375.375,19.3985040618
1375.534,18.8984965864
1375.693,18.438601111
1375.852,18.0133042356
1376.011,17.6180721602
1376.17,17.2491503848
1376.329,16.9033830094
1376.487,16.5800653338
1376.639,16.2859927573
1376.791,16.0068016809
1376.943,15.7409784044
1377.094,15.4888293277
1377.397,15.0142197746
1377.7,14.5751792215
1378.003,14.1654498684
1378.306,13.7799196152
1378.609,13.4142962621
1378.912,13.064882009
1379.144,12.8062904449
1379.433,12.4928259896
1379.722,12.1867880343
1380.011,11.885961979
1380.299,11.5892437235
1380.588,11.2924612683
1380.877,10.994479713
1381.166,10.6930386577
1381.31,10.5408078799
1381.454,10.3867911022
1381.613,10.2142566268
1381.772,10.0386632514
1381.931,9.859501976
1382.09,9.6762343006
1382.249,9.4882946252
1382.408,9.2950954498
1382.567,9.0960555744
1382.725,8.8919405988
1382.848,8.7284158179
1382.971,8.5607874369
1383.094,8.3892773559
1383.216,8.2160403748
1383.278,8.1272714844
1383.339,8.0398644938
1383.401,7.9514238034
1383.462,7.8654377129
1383.524,7.7799657224
1383.585,7.6989131319
1383.646,7.6223877413
1383.707,7.5523594508
1383.747,7.5111643569
1383.787,7.4747322631
1383.827,7.4440993693
1383.866,7.4209766754
1383.906,7.4055616815
1383.946,7.4001776877
1383.986,7.4067176939
1384.025,7.4266516999
1384.065,7.4634407061
1384.105,7.5195987123
1384.145,7.5983477185
1384.184,7.7003577245
1384.224,7.8348707307
1384.263,7.9994967368
1384.303,8.207670743
1384.342,8.454329749
1384.382,8.7582137552
1384.402,8.9315727583
1384.422,9.1204077614
1384.442,9.3256687645
1384.462,9.5483447676
1384.482,9.7894637706
1384.501,10.0365797736
1384.521,10.3167647767
1384.541,10.6186517798
1384.561,10.9434207829
1384.581,11.292289786
1384.601,11.6665117891
1384.621,12.0673757921
1384.641,12.4962017952
1384.66,12.9307177982
1384.68,13.4179868013
1384.7,13.9372898044
1384.72,14.4900598075
1384.74,15.0777478106
1384.76,15.7018258137
1384.78,16.3637778167
1384.8,17.0651018198
1384.819,17.7691958228
1384.839,18.5516128259
1384.859,19.377838829
1384.879,20.2493698321
1384.898,21.120627835
1384.918,22.0847428381
1384.938,23.0984628412
1384.958,24.1632028443
1384.977,25.2232028472
1384.997,26.3913328503
1385.017,27.6143928534
1385.037,28.8936128565
1385.057,30.2301328596
1385.077,31.6250428627
1385.097,33.0793528658
1385.136,36.0894328718
1385.176,39.420742878
1385.216,43.0034628842
1385.256,46.8399028904
1385.295,50.8247328964
1385.332,54.8261129021
1385.368,58.9219529077
1385.404,63.2119429133
1385.44,67.6884929188
1385.476,72.3418629244
1385.512,77.16027293
1385.548,82.1297329356
1385.584,87.2341229411
1385.635,94.660352949
1385.685,102.111232957
1385.764,114.071652969
1385.843,126.015022981
1385.898,134.15734299
1385.952,141.893052998
1385.992,147.395883004
1386.032,152.65796301
1386.07,157.396213016
1386.107,161.732413022
1386.169,168.302283032
1386.223,173.22775304
1386.263,176.351193046
1386.302,178.938703052
1386.337,180.859313058
1386.371,182.349963063
1386.4,183.323203067
1386.412,183.644603069
1386.451,184.358123075
1386.49,184.563643081
1386.524,184.329443086
1386.557,183.737643092
1386.624,181.458323102
1386.691,177.802673112
1386.753,173.289293122
1386.814,167.897343131
1386.882,160.922853142
1386.949,153.230153152
1387.029,143.237953165
1387.108,132.803963177
1387.243,114.513093198
1387.31,105.559173208
1387.377,96.8708232185
1387.411,92.5994032238
1387.445,88.437123229
1387.479,84.3944932343
1387.512,80.5937332394
1387.546,76.8118232446
1387.58,73.1719432499
1387.614,69.6787832552
1387.647,66.4318432603
1387.677,63.6044032649
1387.706,60.9844532694
1387.735,58.4758832739
1387.764,56.0781832784
1387.793,53.7903832829
1387.822,51.6110532873
1387.851,49.5383432918
1387.88,47.5700732963
1387.909,45.7037433008
1387.938,43.9365523053
1387.967,42.2655073098
1387.996,40.6873963143
1388.025,39.1988613187
1388.054,37.7964303232
1388.083,36.4765303277
1388.112,35.2355583322
1388.146,33.8762233375
1388.18,32.6144783427
1388.214,31.444508348
1388.247,30.3912773531
1388.281,29.3854813584
1388.315,28.4548233636
1388.349,27.5940593689
1388.382,26.820671374
1388.416,26.0830653792
1388.45,25.4010263845
1388.484,24.7702033898
1388.517,24.2030513949
1388.551,23.6614324001
1388.584,23.1738354052
1388.618,22.7074384105
1388.651,22.2867424156
1388.7,21.7145414232
1388.749,21.1981034308
1388.798,20.7304804383
1388.847,20.3055224459
1388.896,19.9178654535
1388.945,19.5628064611
1388.994,19.2362708687
1389.043,18.9347216762
1389.092,18.6551113838
1389.141,18.3947863914
1389.19,18.151483999
1389.239,17.9232514066
1389.288,17.7084182141
1389.337,17.5055300217
1389.435,17.1307833369
1389.503,16.8916820474
1389.57,16.6704714578
1389.638,16.4588262683
1389.705,16.2615885786
1389.84,15.8936641995
1389.974,15.5615364203
1390.109,15.2547152411
1390.244,14.971494262
1390.379,14.7085075829
1390.513,14.4647806036
1390.722,14.113952036
1390.93,13.7945694681
1391.138,13.4997332003
1391.346,13.2253577325
1391.555,12.9669539648
1391.763,12.724249097
1391.971,12.4937030292
1392.179,12.2733987614
1392.351,12.097764288
1392.522,11.9281579144
1392.865,11.6000232675
1393.208,11.2836800205
1393.55,10.9752987735
1393.771,10.7777013076
1393.991,10.5809266417
1394.212,10.3820184759
1394.432,10.1815095099
1394.653,9.9762523441
1394.873,9.7666385781
1395.094,9.5491189123
1395.314,9.3238398463
1395.449,9.1804190672
1395.584,9.0324892881
1395.719,8.879641009
1395.853,8.7228348297
1395.988,8.5599498506
1396.123,8.3933169715
1396.191,8.308835582
1396.258,8.2260606924
1396.325,8.1447056027
1396.392,8.0661090131
1396.441,8.0114133207
1396.49,7.9600995283
1396.539,7.9133237359
1396.588,7.8725077434
1396.637,7.839380651
1396.686,7.8160384586
1396.735,7.8049935662
1396.784,7.8092438738
1396.833,7.8323329813
1396.882,7.8784225889
1396.931,7.9523586965
1396.98,8.0597467041
1397.005,8.1294617079
1397.029,8.2070127117
1397.054,8.2998317155
1397.078,8.4014667192
1397.103,8.5214777231
1397.127,8.6513547268
1397.152,8.8031357307
1397.176,8.9658917344
1397.21,9.2274837397
1397.244,9.5287917449
1397.278,9.8737337502
1397.311,10.2541787553
1397.345,10.6974217605
1397.379,11.1971917658
1397.413,11.7582007711
1397.446,12.3658767762
1397.48,13.0619097814
1397.514,13.8339517867
1397.548,14.6871207919
1397.581,15.597633797
1397.615,16.6256308023
1397.648,17.7153128074
1397.682,18.9374328127
1397.715,20.2244198178
1397.743,21.3972828221
1397.771,22.6467538264
1397.799,23.9748778308
1397.826,25.331774835
1397.854,26.8194748393
1397.881,28.3329048435
1397.909,29.9851348478
1397.936,31.658744852
1397.964,33.4779948563
1397.991,35.3128448605
1398.019,37.2987048648
1398.046,39.292844869
1398.074,41.4416248733
1398.101,43.5897848775
1398.156,48.187354886
1398.19,51.1697148913
1398.224,54.2507048965
1398.291,60.5772049069
1398.359,67.2755249174
1398.426,74.0528249278
1398.512,82.8314849411
1398.597,91.3569049542
1398.622,93.7960649581
1398.687,99.9147149681
1398.751,105.527914978
1398.818,110.840534988
1398.885,115.455154999
1398.922,117.663895005
1398.956,119.46254501
1398.989,120.985965015
1399.022,122.28168502
1399.061,123.509675026
1399.1,124.400535032
1399.108,124.541005033
1399.134,124.897335037
1399.16,125.099915041
1399.197,125.122865047
1399.24,124.760335054
1399.303,123.488995063
1399.338,122.414935069
1399.372,121.130775074
1399.413,119.281125081
1399.453,117.177705087
1399.522,112.918835097
1399.59,108.044195108
1399.659,102.542835118
1399.728,96.6222051292
1399.847,85.8359951476
1399.906,80.3944651567
1399.965,74.9932351659
1400.034,68.8170451765
1400.103,62.8791451872
1400.138,59.9826151926
1400.172,57.2535151979
1400.206,54.6140752031
1400.24,52.0693452084
1400.287,48.7149452157
1400.334,45.5568652229
1400.358,44.0214852267
1400.381,42.5994852302
1400.405,41.1672902339
1400.428,39.8441652375
1400.452,38.5148132412
1400.475,37.2896132447
1400.499,36.0614942485
1400.522,34.932171252
1400.546,33.8026412557
1400.569,32.7661942593
1400.592,31.7738742628
1400.615,30.8246952664
1400.65,29.4607352718
1400.684,28.2253802771
1400.702,27.6058232799
1400.719,27.0419132825
1400.753,25.9739062878
1400.771,25.4396682905
1400.788,24.9542112932
1400.822,24.0368652984
1400.856,23.1875083037
1400.89,22.402011309
1400.925,21.6558603144
1400.959,20.9876293196
1400.994,20.353909325
1401.028,19.7871003303
1401.063,19.2500753357
1401.097,18.770033341
1401.131,18.3277573462
1401.165,17.9201993515
1401.209,17.4396393583
1401.253,17.0066513651
1401.297,16.6159370719
1401.34,16.2703498786
1401.384,15.9495564854
1401.428,15.6581062922
1401.472,15.392519099
1401.515,15.1549753056
1401.559,14.9317284124
1401.603,14.7261290193
1401.647,14.5360511261
1401.69,14.3634889327
1401.778,14.0447637463
1401.865,13.7667677598
1401.934,13.5672603705
1402.003,13.3829767811
1402.072,13.2115138918
1402.14,13.0532129023
1402.278,12.7587064237
1402.415,12.4946717449
1402.553,12.2511131662
1402.69,12.0272787874
1402.828,11.8167283088
1402.965,11.62011763
1403.165,11.3514729609
1403.365,11.1006228918
1403.565,10.8640438228
1403.765,10.6389261537
1403.965,10.4229914847
1404.165,10.2143575156
1404.365,10.0114365465
1404.565,9.8128466775
1404.841,9.5436963202
1405.116,9.2786782627
1405.391,9.0143442053
1405.666,8.7484266478
1405.941,8.4787733903
1406.216,8.2032821329
1406.491,7.9198489754
1406.766,7.626329618
1406.929,7.4466928432
1407.091,7.2634141682
1407.254,7.0737571934
1407.416,6.8795864185
1407.579,6.6780490437
1407.741,6.4712050688
1407.904,6.256153594
1408.066,6.0353184191
1408.204,5.8416179404
1408.341,5.6444737616
1408.479,5.441579183
1408.616,5.2370439042
1408.685,5.1334900148
1408.754,5.0301042255
1408.823,4.9274604362
1408.891,4.8277843467
1408.96,4.7291660574
1409.029,4.634466568
1409.098,4.5455313787
1409.166,4.4659094892
1409.22,4.4103899976
1409.273,4.3645821058
1409.326,4.329691814
1409.379,4.3085486222
1409.432,4.3046056304
1409.485,4.3220666386
1409.538,4.3660206468
1409.591,4.442591655
1409.618,4.4964476592
1409.645,4.5617546633
1409.672,4.6397186675
1409.698,4.7279806715
1409.725,4.8347156757
1409.751,4.9534406797
1409.778,5.0949106839
1409.804,5.2503136879
1409.831,5.4334936921
1409.857,5.6328176961
1409.884,5.8658037003
1409.91,6.1174237043
1409.937,6.4095427085
1409.963,6.7230737125
1409.99,7.0849887167
1410.016,7.4713697207
1410.034,7.7622077235
1410.051,8.0554927262
1410.068,8.3677697288
1410.085,8.6999757314
1410.103,9.0745217342
1410.12,9.4508417368
1410.137,9.8501517395
1410.154,10.2735197421
1410.172,10.7492317449
1410.189,11.2256197475
1410.206,11.7295237501
1410.223,12.2621357528
1410.24,12.8246797554
1410.257,13.418407758
1410.274,14.0446017606
1410.291,14.7045697633
1410.309,15.4416547661
1410.326,16.1753837687
1410.343,16.9470477713
1410.36,17.758054774
1410.378,18.6612167767
1410.395,19.5577107794
1410.412,20.497950782
1410.429,21.4834107846
1410.447,22.5777787874
1410.464,23.66100979
1410.481,24.7940147927
1410.498,25.9782927953
1410.515,27.2153307979
1410.532,28.5066208006
1410.549,29.8536398032
1410.566,31.2578528058
1410.591,33.4298258097
1410.616,35.7331568136
1410.641,38.1722368174
1410.666,40.7513068213
1410.691,43.4744168252
1410.716,46.345386829
1410.741,49.3677768329
1410.766,52.5448368368
1410.801,57.2580768422
1410.835,62.1387868474
1410.87,67.4791468528
1410.904,72.9770968581
1410.939,78.9573768635
1410.973,85.0774668688
1411.007,91.500746874
1411.041,98.2220068793
1411.088,107.989156887
1411.135,118.282506894
1411.182,129.064166901
1411.229,140.286316908
1411.298,157.436116919
1411.366,174.92713693
1411.504,211.142196951
1411.573,228.982036962
1411.641,245.940206972
1411.695,258.737626981
1411.748,270.542756989
1411.816,284.342486999
1411.885,296.50796701
1411.92,301.879947015
1411.954,306.542117021
1412.002,312.139877028
1412.05,316.531277035
1412.1,319.773127043
1412.117,320.559207046
1412.168,321.944297054
1412.218,321.882197061
1412.275,320.11473707
1412.331,316.666157079
1412.39,311.283147088
1412.448,304.358557097
1412.507,295.802067106
1412.566,285.893127115
1412.646,270.642177128
1412.726,253.76960714
1412.844,227.028547158
1412.961,199.742927176
1413.02,186.140637185
1413.079,172.849007195
1413.138,159.997127204
1413.197,147.691567213
1413.253,136.594317222
1413.281,131.276477226
1413.309,126.11968723
1413.337,121.128137235
1413.365,116.305057239
1413.393,111.652607243
1413.421,107.172187248
1413.449,102.864317252
1413.477,98.7288172562
1413.505,94.7647072605
1413.533,90.9704072648
1413.561,87.3437172691
1413.589,83.8819152735
1413.617,80.5817822778
1413.645,77.4396722821
1413.675,74.2439292868
1413.704,71.3177562913
1413.734,68.4538192959
1413.763,65.8375293004
1413.793,63.282444305
1413.822,60.9530363095
1413.851,58.755882314
1413.88,56.6851363185
1413.91,54.6697853231
1413.939,52.8381833276
1413.969,51.0578103323
1413.998,49.4415403368
1414.028,47.8719153414
1414.057,46.4480313459
1414.086,45.1106643504
1414.115,43.8547303548
1414.137,42.9532623583
1414.158,42.1319693615
1414.18,41.3106953649
1414.201,40.5623533682
1414.244,39.1316873748
1414.286,37.8557583813
1414.329,36.661817388
1414.372,35.5704103946
1414.415,34.5712374013
1414.457,33.6753564078
1414.5,32.8317384144
1414.543,32.0549694211
1414.586,31.3380964277
1414.628,30.6897654342
1414.671,30.0736554409
1414.714,29.5008184475
1414.757,28.9668334542
1414.799,28.4790224607
1414.858,27.8438639698
1414.917,27.2602621789
1414.976,26.721606188
1415.034,26.230461497
1415.093,25.7652121061
1415.152,25.3306541153
1415.211,24.9233666244
1415.269,24.5467650334
1415.387,23.8438869516
1415.504,23.2182578697
1415.622,22.647264488
1415.739,22.1315453061
1415.878,21.5744111276
1416.017,21.0688665491
1416.156,20.6075287706
1416.294,20.1873761919
1416.433,19.7974619134
1416.572,19.4369266349
1416.711,19.1023546565
1416.849,18.7930367778
1417.084,18.3120260141
1417.319,17.8804297505
1417.554,17.4905585869
1417.789,17.1362980232
1418.024,16.8126567596
1418.259,16.5155981959
1418.494,16.2417194323
1418.729,15.9882267686
1418.986,15.7315311084
1419.242,15.494649748
1419.498,15.2743698876
1419.754,15.0688357272
1420.011,14.875728867
1420.267,14.6951808066
1420.779,14.3648140058
1421.249,14.0922004585
1421.719,13.8440930212
1422.189,13.6168482139
1422.659,13.4074980266
1423.129,13.2136271893
1423.599,13.033185502
1424.069,12.8645023047
1424.539,12.7061422275
1425.223,12.4916832033
1425.906,12.2938400389
1426.59,12.1095851147
1427.273,11.9372840604
1427.957,11.7746051062
1428.64,11.6206894419
1429.324,11.4739765677
1430.007,11.3338711934
1431.375,11.0689727449
1432.742,10.8203701464
1434.109,10.5829828379
1435.476,10.3526000794
1436.374,10.2031682183
1437.271,10.0540795371
1438.168,9.9041302759
1439.065,9.7521236546
1439.962,9.5967511733
1440.859,9.4365821021
1441.756,9.2699966309
1442.653,9.0948688997
1443.593,8.8994083951
1444.533,8.6882691905
1445.003,8.5754337832
1445.473,8.4568424159
1445.943,8.3316776386
1446.413,8.1989860013
1447.054,8.0038457105
1447.375,7.8990277702
1447.695,7.7891464197
1448.016,7.6729064993
1448.336,7.5503415788
1448.657,7.4199004185
1448.977,7.281503848
1449.212,7.1739697843
1449.447,7.0609356207
1449.682,6.941894157
1449.917,6.8162818934
1450.152,6.6834696298
1450.387,6.5427571661
1450.622,6.3933656025
1450.856,6.2351316387
1451.017,6.1202849636
1451.177,6.0009533883
1451.337,5.8761052131
1451.497,5.7453926378
1451.658,5.6075935627
1451.818,5.4640878875
1451.978,5.3137559122
1452.138,5.156412737
1452.256,5.0358773552
1452.373,4.9127109733
1452.491,4.7851029916
1452.608,4.6557942097
1452.726,4.5236421279
1452.843,4.392730846
1452.961,4.2640225643
1453.02,4.2024927734
1453.078,4.1450274824
1453.137,4.0908739915
1453.196,4.0426448007
1453.255,4.0023662098
1453.313,3.9730017187
1453.372,3.9567192279
1453.431,3.958150337
1453.49,3.9823075461
1453.548,4.0342054551
1453.578,4.0743294597
1453.607,4.1231154642
1453.637,4.1851624689
1453.666,4.2576314734
1453.696,4.347011478
1453.725,4.4489034825
1453.754,4.567698487
1453.783,4.7051974915
1453.813,4.8692094961
1453.842,5.0509835006
1453.872,5.2655355052
1453.901,5.5011185097
1453.931,5.7768635143
1453.96,6.0773475188
1453.989,6.4143085233
1454.018,6.7910375278
1454.034,7.0171795303
1454.05,7.2571095328
1454.066,7.5114655352
1454.082,7.7809035377
1454.098,8.0661045402
1454.114,8.3677655427
1454.13,8.6866075451
1454.146,9.0233685476
1454.162,9.3788085501
1454.178,9.7537085526
1454.194,10.148868555
1454.21,10.5651035575
1454.226,11.00325456
1454.242,11.4641745625
1454.258,11.9487385649
1454.274,12.4578365674
1454.29,12.9923755699
1454.306,13.5532775724
1454.322,14.1414805748
1454.338,14.7579345773
1454.354,15.4036075798
1454.37,16.0794625823
1454.386,16.7864895847
1454.402,17.5256915872
1454.418,18.2980695897
1454.434,19.1046165922
1454.45,19.9463435946
1454.466,20.8242825971
1454.498,22.6928056021
1454.53,24.718268607
1454.552,26.2059636104
1454.573,27.7011016137
1454.595,29.3485056171
1454.616,31.0006096203
1454.638,32.8170336237
1454.659,34.634753627
1454.68,36.5362836302
1454.701,38.5234536335
1454.723,40.6989436369
1454.744,42.8666436401
1454.766,45.2345836435
1454.787,47.5888436468
1454.809,50.1548836502
1454.83,52.7004436534
1454.872,58.0761936599
1454.904,62.4285136649
1454.936,67.0030936698
1454.968,71.7989036748
1455.0,76.8135836797
1455.032,82.0432436847
1455.064,87.4825136896
1455.096,93.1243836946
1455.128,98.9602136995
1455.179,108.635683707
1455.23,118.726023715
1455.281,129.169163723
1455.332,139.892093731
1455.449,165.082023749
1455.508,177.804643758
1455.567,190.317983767
1455.626,202.443543777
1455.684,213.809383785
1455.738,223.745903794
1455.791,232.760193802
1455.855,242.499273812
1455.914,250.211443821
1455.972,256.47928383
1456.014,260.146523837
1456.056,263.046663843
1456.1,265.23765385
1456.115,265.783143852
1456.16,266.799253859
1456.204,266.890943866
1456.271,265.333243876
1456.34,261.649753887
1456.395,257.280653895
1456.449,251.840433904
1456.513,244.048313914
1456.576,235.121573923
1456.639,225.141143933
1456.702,214.310223943
1456.766,202.651573953
1456.829,190.739563963
1456.955,166.411513982
1457.019,154.165683992
1457.082,142.395684002
1457.146,130.862024012
1457.209,120.032694021
1457.258,112.023354029
1457.307,104.408484037
1457.356,97.2093340442
1457.405,90.4396240518
1457.43,87.1535740557
1457.454,84.1061540594
1457.479,81.0432640632
1457.503,78.2094940669
1457.528,75.3678940708
1457.552,72.7447440745
1457.576,70.2229450782
1457.6,67.8010060819
1457.632,64.7241100869
1457.664,61.8171330918
1457.696,59.0750250968
1457.727,56.5706581016
1457.759,54.1368061065
1457.791,51.8506481115
1457.823,49.7059171164
1457.854,47.7570111212
1457.886,45.8719031262
1457.918,44.1090421311
1457.95,42.4619451361
1457.981,40.9706781409
1458.013,39.5328931458
1458.044,38.2327111506
1458.076,36.9804131556
1458.107,35.8488491604
1458.139,34.7595801653
1458.171,33.7450471703
1458.203,32.8001041752
1458.234,31.94645918
1458.266,31.124513185
1458.297,30.3815361898
1458.329,29.6655581947
1458.36,29.0177021995
1458.392,28.3925942045
1458.424,27.8084452094
1458.456,27.2620692144
1458.487,26.7659992192
1458.519,26.2855282241
1458.55,25.8483092289
1458.613,25.0365922387
1458.677,24.3040222486
1458.74,23.6597429583
1458.804,23.0714978682
1458.867,22.5479876779
1458.931,22.0643547879
1458.994,21.6289851976
1459.057,21.2284598073
1459.12,20.8581783171
1459.184,20.509078227
1459.247,20.1888215367
1459.31,19.8890936465
1459.373,19.6076363562
1459.5,19.0883726759
1459.626,18.6270413954
1459.753,18.207175615
1459.879,17.8285067345
1460.006,17.4795682542
1460.132,17.1615369736
1460.259,16.8658165933
1460.385,16.5941289128
1460.512,16.3396837324
1460.638,16.1044143519
1460.846,15.7488437841
1461.053,15.4300084161
1461.26,15.1409331481
1461.467,14.8774395802
1461.675,14.6349664123
1461.882,14.4130254444
1462.089,14.2080515764
1462.296,14.0180425084
1462.55,13.8029235477
1462.803,13.6059828868
1463.056,13.424207826
1463.309,13.2557681651
1463.562,13.0991586143
1463.815,12.9530633634
1464.321,12.6881189217
1464.69,12.5145183688
1465.058,12.3553404657
1465.426,12.2083022526
1465.794,12.0718491995
1466.531,11.8254667236
1467.267,11.6088617774
1467.774,11.4737075758
1468.28,11.3485010741
1469.293,11.1221226408
1470.306,10.9220089875
1471.319,10.7425932343
1472.194,10.6011465796
1473.068,10.4701492048
1473.943,10.3474713702
1474.817,10.2321627754
1476.566,10.019075536
1478.315,9.8241600266
1479.973,9.651662993
1481.63,9.4878964094
1483.288,9.3300067558
1484.945,9.1758679522
1486.971,8.9891910157
1488.996,8.8007070889
1490.009,8.7041964356
1491.022,8.6052245923
1492.035,8.502887429
1493.047,8.3960730656
1494.014,8.2881458852
1494.981,8.1724972048
1495.948,8.0462563144
1496.431,7.9779460991
1496.914,7.9051441838
1497.421,7.8227465022
1497.927,7.7328167005
1498.433,7.6329723388
1498.686,7.5783821479
1498.939,7.5200034171
1499.147,7.4687113992
1499.354,7.4142410013
1499.561,7.3558317433
1499.768,7.2928655753
1499.976,7.2243596975
1500.183,7.1505676495
1500.287,7.1114986856
1500.39,7.0718329015
1500.494,7.0314181176
1500.597,6.9921324335
1500.661,6.9688665435
1500.724,6.9475451532
1500.787,6.9286061629
1500.85,6.9131063727
1500.914,6.9022747826
1500.977,6.8981883923
1501.04,6.9027849021
1501.103,6.9187156118
1501.167,6.9498350217
1501.23,6.9991212315
1501.262,7.0327055364
1501.293,7.0715753412
1501.325,7.1189569462
1501.356,7.172635151
1501.388,7.2369033559
1501.42,7.3110734609
1501.452,7.3961152658
1501.483,7.4898398706
1501.515,7.5993528756
1501.546,7.7188748804
1501.578,7.8572848853
1501.609,8.0070938901
1501.65,8.2310208964
1501.69,8.4802699026
1501.731,8.770148909
1501.771,9.0893339152
1501.812,9.4567239215
1501.852,9.8572389277
1501.872,10.0739549308
1501.892,10.3020909339
1501.912,10.541978937
1501.932,10.7939429401
1501.953,11.0718399433
1501.973,11.3495219464
1502.013,11.9441379526
1502.053,12.5928449588
1502.093,13.297492965
1502.134,14.0793959713
1502.174,14.9015549775
1502.214,15.7829779837
1502.254,16.7238229899
1502.309,18.1136789984
1502.364,19.6121210069
1502.419,21.2138810154
1502.473,22.8795310238
1502.528,24.6605310323
1502.582,26.4796610406
1502.637,28.3889910491
1502.691,30.3018610575
1502.818,34.8369510771
1502.881,37.0379010869
1502.944,39.1568210966
1503.008,41.1862011065
1503.071,43.0246811163
1503.12,44.3224311239
1503.169,45.4874111314
1503.186,45.8579511341
1503.246,47.0165911433
1503.281,47.5791811488
1503.312,48.0042011536
1503.335,48.2738011571
1503.352,48.4475711597
1503.372,48.6238811628
1503.398,48.8071911669
1503.4,48.8191211672
1503.405,48.8476111679
1503.409,48.8689911686
1503.424,48.9381111709
1503.439,48.9897011732
1503.464,49.0366311771
1503.489,49.0347711809
1503.522,48.957961186
1503.572,48.6823411938
1503.629,48.1405312026
1503.678,47.4895812102
1503.727,46.6778112178
1503.799,45.2184512289
1503.87,43.5073112399
1503.919,42.1935512475
1503.968,40.790271255
1504.066,37.7830012702
1504.151,35.0440812834
1504.236,32.2717012965
1504.321,29.5408013097
1504.364,28.1958513163
1504.406,26.9150613228
1504.464,25.2103233318
1504.522,23.5909083407
1504.551,22.8162743452
1504.58,22.0662983497
1504.609,21.3417483542
1504.638,20.6431773587
1504.667,19.9710243632
1504.696,19.3255433677
1504.725,18.7068603721
1504.754,18.1149803766
1504.783,17.5497593811
1504.812,17.0109693856
1504.841,16.4982383901
1504.869,16.0275053944
1504.894,15.6270193983
1504.919,15.2448144022
1504.944,14.880480406
1504.968,14.5471194097
1504.993,14.2164944136
1505.017,13.9145804173
1505.042,13.6157314212
1505.066,13.3433624249
1505.091,13.0742514288
1505.115,12.8294194325
1505.14,12.5879204363
1505.164,12.3685634401
1505.189,12.1525204439
1505.213,11.9565574476
1505.238,11.7638184515
1505.262,11.5892254552
1505.311,11.2624564628
1505.36,10.9723181704
1505.409,10.715072978
1505.458,10.4872005855
1505.507,10.2854255931
1505.556,10.1067283007
1505.605,9.9483513083
1505.654,9.8077934159
1505.692,9.7096138217
1505.73,9.6198448276
1505.806,9.4621450394
1505.882,9.3286824511
1505.958,9.2145552629
1506.034,9.1158182746
1506.11,9.0293293864
1506.186,8.9526137982
1506.261,8.8845941098
1506.413,8.7645038333
1506.564,8.6622919566
1506.716,8.5715206802
1506.867,8.4902719935
1507.081,8.3866086266
1507.295,8.2932590197
1507.509,8.2078812728
1507.723,8.1288428059
1508.151,7.9851826122
1508.579,7.8554117984
1509.007,7.7350998546
1509.435,7.6211921608
1509.863,7.511463927
1510.291,7.4042074232
1510.72,7.2978067396
1511.148,7.1916057858
1511.576,7.084330832
1512.004,6.9750169282
1512.432,6.8627138544
1512.86,6.7464588906
1513.288,6.6252338068
1513.716,6.4979344931
1514.252,6.328031616
1514.52,6.2378999874
1514.787,6.1441301587
1515.055,6.0455487002
1515.322,5.9423693115
1515.59,5.833226453
1515.857,5.7182742943
1516.054,5.6290458247
1516.25,5.5361856551
1516.446,5.4388867854
1516.642,5.3367528157
1516.838,5.229350046
1517.034,5.1162080763
1517.23,4.9968190067
1517.426,4.870653137
1517.587,4.7615702619
1517.748,4.6472862868
1517.909,4.5275987117
1518.069,4.4032434365
1518.23,4.2729645614
1518.39,4.1394050861
1518.471,4.0709560986
1518.551,4.003494111
1518.631,3.9370042234
1518.711,3.8726916358
1518.809,3.7994680509
1518.907,3.7368695661
1518.956,3.7116546737
1519.005,3.6919969813
1519.054,3.6793211888
1519.103,3.6753479964
1519.152,3.682137404
1519.201,3.7021472116
1519.25,3.7382958192
1519.299,3.7940266267
1519.348,3.8733794343
1519.397,3.9810716419
1519.446,4.1225696495
1519.471,4.2097836533
1519.495,4.3041786571
1519.52,4.4145786609
1519.545,4.5383406648
1519.57,4.6765906687
1519.594,4.8240546724
1519.619,4.9942516762
1519.643,5.17480168
1519.668,5.3821266838
1519.692,5.6010216875
1519.717,5.8512566914
1519.741,6.1143386951
1519.766,6.413882699
1519.79,6.7275987027
1519.815,7.0834797066
1519.839,7.4548767103
1519.864,7.8747437141
1519.888,8.3114607179
1519.913,8.8035707217
1519.937,9.3138077254
1519.962,9.8869797293
1519.986,10.479455733
1520.011,11.1430167369
1520.035,11.8269007406
1520.06,12.5905987445
1520.084,13.3754147482
1520.109,14.249312752
1520.133,15.1448257558
1520.158,16.1391677596
1520.182,17.1552457633
1520.207,18.2802947672
1520.231,19.4267257709
1520.256,20.6925677748
1520.28,21.9788807785
1520.305,23.3952157824
1520.33,24.8918827862
1520.355,26.4711367901
1520.379,28.0668777938
1520.404,29.8140237977
1520.428,31.5744438014
1520.453,33.4964438053
1520.477,35.427553809
1520.502,37.5299038128
1520.526,39.6361738165
1520.551,41.9225838204
1520.575,44.2066138241
1520.6,46.678733828
1520.624,49.1409838317
1520.673,54.4366538393
1520.7,57.5064138435
1520.727,60.6815338476
1520.78,67.2100138558
1520.843,75.4480338656
1520.905,84.0064238752
1520.968,93.0849638849
1521.03,102.304163895
1521.124,116.579473909
1521.217,130.681483923
1521.266,137.946923931
1521.315,145.006633939
1521.364,151.788583946
1521.413,158.221013954
1521.462,164.234043961
1521.511,169.760643969
1521.573,175.959353978
1521.623,180.240703986
1521.671,183.696113994
1521.724,186.720474002
1521.76,188.281844007
1521.795,189.407404013
1521.803,189.609744014
1521.812,189.812654016
1521.832,190.170344019
1521.851,190.390414021
1521.89,190.476584028
1521.95,189.655224037
1522.011,187.660424046
1522.081,183.996034057
1522.141,179.764764066
1522.201,174.619344076
1522.261,168.661744085
1522.321,162.005324094
1522.414,150.590834109
1522.506,138.389814123
1522.627,121.711954142
1522.687,113.436234151
1522.747,105.29180416
1522.807,97.3651841694
1522.867,89.7301141787
1522.927,82.447024188
1522.986,75.6743641971
1523.016,72.3896042018
1523.046,69.2164242064
1523.076,66.157204211
1523.106,63.2136842157
1523.136,60.3868942203
1523.166,57.677264225
1523.196,55.0846442296
1523.226,52.6083292342
1523.256,50.2471522389
1523.286,47.9994752435
1523.316,45.8632632482
1523.346,43.8361262528
1523.376,41.9153752574
1523.406,40.0980342621
1523.436,38.3808932667
1523.465,36.8130592712
1523.495,35.2829592759
1523.525,33.8426132805
1523.555,32.4882682851
1523.585,31.2161322898
1523.615,30.0224082944
1523.645,28.9032832991
1523.675,27.8549553037
1523.705,26.8736863083
1523.735,25.955809313
1523.765,25.0977303176
1523.795,24.2959323223
1523.825,23.5470403269
1523.855,22.8477573315
1523.885,22.1949433362
1523.915,21.5855603408
1523.945,21.0167263455
1523.971,20.5544023495
1523.997,20.1187553535
1524.023,19.7081593575
1524.049,19.3210423616
1524.101,18.6114683696
1524.152,17.9906013775
1524.204,17.4245123855
1524.256,16.9174153936
1524.308,16.4616346016
1524.359,16.0580066095
1524.411,15.6849251176
1524.463,15.3455964256
1524.515,15.0356232336
1524.566,14.7564279415
1524.618,14.4938543496
1524.67,14.2507954576
1524.773,13.8178366736
1524.833,13.5905908828
1524.893,13.3787828921
1525.013,12.9941140107
1525.133,12.6519162293
1525.253,12.3437127478
1525.373,12.0633172664
1525.493,11.8061517849
1525.613,11.5686642035
1525.732,11.3498571219
1525.928,11.0200855522
1526.124,10.7219849826
1526.32,10.4497578129
1526.516,10.1988893432
1526.712,9.9657873735
1526.908,9.7475263038
1527.104,9.5416845342
1527.3,9.3462220645
1527.518,9.1388958982
1527.736,8.9401779319
1527.954,8.7482450657
1528.172,8.5614621994
1528.423,8.3508291382
1528.674,8.142871977
1528.925,7.9354960159
1529.175,7.7274465545
1529.426,7.5149307934
1529.551,7.4070971127
1529.676,7.297657732
1529.802,7.1856330515
1529.927,7.0729456709
1530.052,6.9592987902
1530.177,6.8460798095
1530.297,6.7403499281
1530.357,6.6898673374
1530.417,6.6419873467
1530.477,6.597745256
1530.537,6.5584565652
1530.597,6.5257712745
1530.657,6.5017371838
1530.717,6.4888711931
1530.777,6.4902297024
1530.837,6.5094839116
1530.897,6.5510005209
1530.927,6.5816791256
1530.957,6.6199098302
1530.987,6.6664652349
1531.017,6.7221711395
1531.047,6.7879124441
1531.077,6.8646274488
1531.107,6.9533144534
1531.137,7.0550314581
1531.184,7.2432624653
1531.23,7.4654934724
1531.254,7.5978884762
1531.277,7.7361684797
1531.3,7.8862274833
1531.323,8.0486944868
1531.347,8.2321464905
1531.37,8.4219704941
1531.393,8.6261834977
1531.416,8.8454565012
1531.439,9.0804635048
1531.462,9.3318835083
1531.485,9.6003935119
1531.508,9.8866715155
1531.532,10.2050665192
1531.555,10.5297315227
1531.578,10.8741785263
1531.601,11.2390435298
1531.624,11.6249445334
1531.647,12.032472537
1531.67,12.4621975405
1531.693,12.9146555441
1531.717,13.4115655478
1531.74,13.9119965513
1531.763,14.4365605549
1531.786,14.9856265585
1531.832,16.1584695656
1531.878,17.4323395727
1531.907,18.2877425772
1531.936,19.1835755817
1531.993,21.0610255905
1532.05,23.0891555993
1532.107,25.2601756081
1532.164,27.5625656169
1532.221,29.9809756258
1532.278,32.4961956346
1532.335,35.0852256434
1532.455,40.654425662
1532.515,43.4272856712
1532.575,46.1390756805
1532.651,49.4204456923
1532.727,52.449965704
1532.782,54.4376857125
1532.823,55.7872157189
1532.864,57.0109657252
1532.923,58.5303857344
1532.966,59.444325741
1532.997,59.9963457458
1533.027,60.4423357504
1533.056,60.7890757549
1533.092,61.1019757605
1533.1,61.1536257617
1533.106,61.1880957627
1533.126,61.2763657658
1533.145,61.3222457687
1533.178,61.3139157738
1533.211,61.1942657789
1533.244,60.964395784
1533.31,60.1815657942
1533.377,58.9660958046
1533.431,57.6999758129
1533.485,56.2012758213
1533.552,54.0560958317
1533.618,51.6823058419
1533.675,49.4666958507
1533.732,47.1369058595
1533.846,42.2868558771
1533.925,38.9059358894
1534.003,35.6595559014
1534.042,34.0978259075
1534.081,32.5906659135
1534.12,31.1477359195
1534.159,29.7781959256
1534.196,28.5546759313
1534.232,27.4418859369
1534.268,26.4119859424
1534.304,25.470885948
1534.34,24.6242559536
1534.376,23.8775029591
1534.412,23.2358359647
1534.448,22.7042319703
1534.482,22.3075959755
1534.515,22.0243479806
1534.548,21.8448269857
1534.581,21.7724149908
1534.614,21.810385996
1534.647,21.9619280011
1534.68,22.2300970062
1534.713,22.6178490113
1534.746,23.1279880164
1534.779,23.7631720215
1534.812,24.5258630266
1534.845,25.4183440317
1534.878,26.4426160368
1534.911,27.6004160419
1534.944,28.893166047
1534.977,30.3218960521
1535.003,31.5437660561
1535.029,32.8505660602
1535.055,34.2421960642
1535.08,35.660036068
1535.106,37.2170060721
1535.131,38.7926660759
1535.157,40.51209608
1535.182,42.2418760838
1535.233,45.9971560917
1535.284,50.0436960996
1535.335,54.3620761075
1535.386,58.9280561154
1535.453,65.2531861257
1535.519,71.775146136
1535.585,78.4968061462
1535.651,85.3172361564
1535.735,93.9644661694
1535.802,100.68288618
1535.868,107.00934619
1535.919,111.620806198
1535.97,115.929416206
1536.036,120.969546216
1536.102,125.308256226
1536.135,127.185276231
1536.168,128.853806236
1536.201,130.305116242
1536.237,131.631836247
1536.291,133.103656255
1536.3,133.287306257
1536.31,133.470516258
1536.337,133.854946262
1536.364,134.077886267
1536.425,133.986826276
1536.488,133.037496286
1536.551,131.247646296
1536.594,129.566466302
1536.636,127.585036309
1536.699,124.030056319
1536.761,119.918026328
1536.824,115.204246338
1536.887,110.046016348
1536.947,104.811156357
1537.006,99.442146366
1537.125,88.2711163844
1537.188,82.3385263941
1537.251,76.4982464039
1537.314,70.8197164136
1537.376,65.4463264232
1537.422,61.6248964304
1537.467,58.0390064373
1537.513,54.5408464444
1537.558,51.2909364514
1537.604,48.1507264585
1537.649,45.2600194655
1537.672,43.852167469
1537.695,42.4913604726
1537.718,41.1773844761
1537.74,39.9640754795
1537.772,38.2744344845
1537.803,36.7212784893
1537.835,35.2026504942
1537.866,33.811472499
1537.898,32.455688504
1537.929,31.2176135088
1537.96,30.0511325136
1537.991,28.9536055184
1538.023,27.8900825233
1538.054,26.9241395281
1538.086,25.9903775331
1538.117,25.1441935379
1538.149,24.3278905428
1538.18,23.5895295476
1538.211,22.8999305524
1538.242,22.2562835572
1538.279,21.5444385629
1538.316,20.8897285686
1538.353,20.2878355744
1538.39,19.7346655801
1538.427,19.2263055858
1538.464,18.7590625915
1538.501,18.3294775973
1538.538,17.934304603
1538.575,17.5705006087
1538.612,17.2352633144
1538.649,16.9259950202
1538.686,16.6402899259
1538.723,16.3759602316
1538.76,16.1309806373
1538.797,15.9035143431
1538.834,15.6918980488
1538.897,15.3637880585
1538.96,15.0707298683
1539.023,14.807193378
1539.085,14.5722364876
1539.148,14.3544832974
1539.21,14.1578124069
1539.273,13.9733029167
1539.335,13.8047071263
1539.461,13.4950643458
1539.586,13.2231008651
1539.711,12.9788514845
1539.836,12.7570992038
1539.996,12.5001786285
1540.155,12.2695860531
1540.315,12.0582364779
1540.474,11.8656176025
1540.634,11.6868020272
1540.793,11.5220317518
1540.953,11.3675780766
1541.112,11.2240253012
1541.363,11.01485204
1541.614,10.8239380788
1541.865,10.6484217177
1542.115,10.4866508563
1542.366,10.3354869952
1542.616,10.1946235239
1543.117,9.9366510614
1543.505,9.7551631314
1543.892,9.5869853913
1544.279,9.4294273411
1544.666,9.280687881
1545.054,9.138934511
1545.441,9.0036767309
1545.828,8.8735090808
1546.215,8.7475369706
1546.944,8.5189203334
1547.491,8.352568928
1548.038,8.1887818226
1548.585,8.0260030073
1549.131,7.8630392217
1549.678,7.6978036563
1550.225,7.529054701
1550.772,7.3551508756
1551.318,7.17459097
1551.82,7.0006133577
1552.321,6.8173982352
1552.572,6.721318574
1552.822,6.6223595127
1553.073,6.5193775515
1553.323,6.4128082902
1553.563,6.3063498273
1553.802,6.1958733643
1554.041,6.0804867013
1554.28,5.9596861383
1554.519,5.8329152752
1554.758,5.6995637122
1554.997,5.5589707492
1555.236,5.4104369862
1555.362,5.3286941057
1555.487,5.245132325
1555.613,5.1583299445
1555.738,5.0696091638
1555.864,4.9775252833
1555.989,4.8835858027
1556.114,4.787237322
1556.239,4.6888471413
1556.365,4.5883431608
1556.49,4.4886767802
1556.615,4.3914700995
1556.678,4.3446428092
1556.74,4.3009334188
1556.803,4.2599410286
1556.866,4.2237147383
1556.929,4.1939547481
1556.991,4.1730868577
1557.054,4.1631506674
1557.116,4.167801277
1557.179,4.1914409867
1557.241,4.2384704963
1557.293,4.3006265044
1557.344,4.3861915123
1557.395,4.5009915202
1557.446,4.650640528
1557.498,4.8458015361
1557.524,4.9618955401
1557.549,5.086486544
1557.575,5.230653548
1557.6,5.3844275519
1557.626,5.5613605559
1557.651,5.7490975598
1557.677,5.9640545638
1557.703,6.2006075678
1557.729,6.4603565718
1557.754,6.7335485757
1557.78,7.0437385797
1557.805,7.3687495836
1557.831,7.7364305876
1557.856,8.1203215915
1557.882,8.5531195955
1557.908,9.0222285995
1557.934,9.5298346035
1557.959,10.0563206074
1557.985,10.6460406114
1558.01,11.2557966153
1558.036,11.9366936193
1558.061,12.6385926232
1558.093,13.6080686281
1558.124,14.6273606329
1558.156,15.7667376379
1558.187,16.9592896427
1558.219,18.2863796476
1558.25,19.6692196524
1558.281,21.1516716572
1558.312,22.737499662
1558.344,24.486639667
1558.375,26.2931496718
1558.407,28.2767396767
1558.438,30.3161196815
1558.47,32.5452396865
1558.501,34.8265696913
1558.532,37.2291396961
1558.563,39.7536297008
1558.6,42.9264897066
1558.637,46.2722197123
1558.674,49.788499718
1558.711,53.4714697237
1558.748,57.3157497295
1558.785,61.3143397352
1558.822,65.4585697409
1558.859,69.7380397466
1558.922,77.3006397564
1558.984,85.021899766
1559.109,101.086469785
1559.234,117.130349805
1559.297,124.915539814
1559.359,132.217619824
1559.439,140.916989836
1559.502,147.045329846
1559.564,152.335849856
1559.627,156.860969865
1559.689,160.395739875
1559.726,162.044139881
1559.763,163.334909887
1559.8,164.260489892
1559.813,164.497909894
1559.854,164.946049901
1559.894,164.942209907
1559.937,164.455039913
1559.98,163.47471992
1560.024,161.973769927
1560.067,160.037539933
1560.11,157.65845994
1560.153,154.861439947
1560.216,150.068529957
1560.279,144.540069966
1560.366,135.90237998
1560.453,126.384129993
1560.54,116.302440007
1560.627,105.96447002
1560.714,95.6529000336
1560.801,85.6147200471
1560.845,80.7086400539
1560.888,76.0535900605
1560.931,71.5540400672
1560.974,67.2245800738
1561.018,62.9827900806
1561.061,59.0307300873
1561.105,55.1914300941
1561.148,51.6436101007
1561.192,48.2242801075
1561.235,45.0888101142
1561.278,42.1553001209
1561.321,39.4204701275
1561.355,37.3957271328
1561.388,35.5440401379
1561.422,33.7502231431
1561.455,32.1166951482
1561.489,30.5410481535
1561.522,29.1125551586
1561.556,27.7410451639
1561.589,26.503696169
1561.623,25.3219111742
1561.656,24.2618431793
1561.69,23.2558271846
1561.723,22.3599251897
1561.757,21.516803195
1561.79,20.7733352001
1561.824,20.0818792053
1561.857,19.4808982104
1561.881,19.0861142141
1561.905,18.7262242178
1561.929,18.4006842216
1561.952,18.1204842251
1561.976,17.8609092288
1562.0,17.6345222325
1562.024,17.4411162363
1562.047,17.2865702398
1562.071,17.1574112435
1562.095,17.0610612472
1562.119,16.997610251
1562.142,16.9678592545
1562.166,16.9694662582
1562.189,17.0026002618
1562.213,17.0705162655
1562.236,17.1679882691
1562.256,17.2788592721
1562.276,17.4143782752
1562.296,17.5748922783
1562.315,17.7508912813
1562.335,17.9612732844
1562.355,18.1978282875
1562.375,18.4610042906
1562.394,18.7360772935
1562.414,19.0524432966
1562.434,19.3967562997
1562.473,20.1503823057
1562.513,21.0392443119
1562.552,22.0223753179
1562.592,23.1535593241
1562.631,24.3792083302
1562.671,25.7648473363
1562.71,27.2432203424
1562.75,28.8915803486
1562.789,30.6281703546
1562.828,32.4923603606
1562.867,34.4830203667
1562.911,36.8779603735
1562.954,39.3667303801
1562.998,42.0585203869
1563.041,44.8227103936
1563.085,47.7773204004
1563.128,50.775820407
1563.172,53.9430204138
1563.215,57.1187704205
1563.325,65.4775204375
1563.435,73.8920604545
1563.518,80.0393704674
1563.601,85.8145204802
1563.644,88.6009304869
1563.687,91.2154404935
1563.729,93.5813205
1563.77,95.6925205064
1563.813,97.677360513
1563.857,99.4471305198
1563.9,100.905690526
1563.926,101.652090531
1563.97,102.674840537
1564.0,103.195080542
1564.008,103.309230543
1564.034,103.608220547
1564.059,103.791390551
1564.098,103.872410557
1564.138,103.697150563
1564.184,103.17616057
1564.223,102.472570576
1564.261,101.562940582
1564.3,100.408060588
1564.339,99.0394805944
1564.399,96.5448506037
1564.459,93.6233006129
1564.537,89.279730625
1564.614,84.5076006369
1564.692,79.320520649
1564.77,73.9160806611
1564.848,68.4264406731
1564.925,63.041840685
1565.003,57.7273606971
1565.042,55.1512307031
1565.08,52.705460709
1565.119,50.2692507151
1565.158,47.9148307211
1565.197,45.6479307271
1565.236,43.4731707332
1565.275,41.3940407392
1565.314,39.4130167452
1565.353,37.5315287513
1565.391,35.7945847571
1565.429,34.152419763
1565.466,32.6436787687
1565.503,31.2225067745
1565.54,29.8870107802
1565.577,28.6348837859
1565.614,27.4634747916
1565.651,26.3698207974
1565.688,25.3507348031
1565.725,24.4028538088
1565.762,23.5226818145
1565.799,22.7066438202
1565.836,21.951117826
1565.873,21.2525018317
1565.91,20.6071968374
1565.947,20.0116798431
1565.984,19.4625388489
1566.027,18.8781858555
1566.069,18.358752862
1566.112,17.8748308687
1566.154,17.4446768752
1566.197,17.0436878818
1566.239,16.6868092883
1566.281,16.3609149948
1566.323,16.0628975013
1566.366,15.783693008
1566.408,15.5336677145
1566.451,15.2984231211
1566.493,15.0867601276
1566.536,14.8865602343
1566.578,14.7054259408
1566.662,14.3798218538
1566.74,14.1140078658
1566.818,13.8766011779
1566.896,13.66239909
1566.973,13.4696857019
1567.051,13.2902287139
1567.129,13.124077526
1567.284,12.82586355
1567.44,12.5594968741
1567.595,12.3209158981
1567.75,12.1032485221
1567.905,11.902901046
1568.103,11.6679396767
1568.301,11.4526530073
1568.499,11.2537996379
1568.696,11.0697410684
1568.894,10.896582399
1569.092,10.7336067297
1569.487,10.4335821908
1569.77,10.2353125346
1570.053,10.0481395783
1570.336,9.8700063221
1570.618,9.6997764657
1570.901,9.5347301095
1571.183,9.3746880532
1571.466,9.2172714969
1571.748,9.0624314406
1572.031,8.9079419843
1572.313,8.753784128
1572.596,8.5977172717
1572.878,8.4396391154
1573.161,8.2771106592
1573.443,8.1098191028
1573.726,7.9349016466
1574.008,7.7516628902
1574.164,7.6456487143
1574.319,7.5365001383
1574.475,7.4223386624
1574.63,7.3041331864
1574.786,7.1798298105
1574.941,7.0505483345
1575.096,6.9152055585
1575.251,6.7739575825
1575.379,6.6536816023
1575.506,6.5329262219
1575.633,6.4143319416
1575.697,6.3573232515
1575.76,6.3045537612
1575.824,6.2560014711
1575.887,6.2152810809
1575.951,6.1838424908
1576.014,6.1660736005
1576.078,6.1657704104
1576.141,6.1882405202
1576.205,6.2408311301
1576.237,6.280850135
1576.268,6.3297855398
1576.307,6.4073776458
1576.346,6.5052104519
1576.385,6.6260924579
1576.424,6.7731154639
1576.463,6.94966847
1576.502,7.159446476
1576.541,7.406460482
1576.579,7.6870794879
1576.618,8.0206174939
1576.657,8.4051935
1576.696,8.846065506
1576.735,9.348784512
1576.774,9.9191655181
1576.813,10.5632685241
1576.833,10.9242015272
1576.852,11.2873525301
1576.871,11.6710085331
1576.89,12.075924536
1576.909,12.502853539
1576.928,12.9525575419
1576.965,13.8965305476
1577.002,14.9353505533
1577.039,16.0745325591
1577.076,17.3194605648
1577.113,18.6752785705
1577.15,20.1468775762
1577.187,21.738735582
1577.224,23.4549015877
1577.261,25.2988655934
1577.298,27.2734725991
1577.335,29.3808826049
1577.372,31.6223826106
1577.409,33.9983926163
1577.446,36.508332622
1577.483,39.1505626278
1577.522,42.0757226338
1577.561,45.1400626398
1577.6,48.3373026459
1577.639,51.6596126519
1577.678,55.0974926579
1577.717,58.639802664
1577.794,65.8890926759
1577.9,76.2330026923
1578.006,86.6591427087
1578.084,94.1362427207
1578.161,101.156792733
1578.207,105.10632274
1578.253,108.827562747
1578.292,111.777262753
1578.331,114.516772759
1578.387,118.044552768
1578.427,120.246152774
1578.465,122.07484278
1578.504,123.672402786
1578.546,125.064062792
1578.596,126.2620428
1578.6,126.335962801
1578.609,126.490352802
1578.636,126.853782806
1578.663,127.06709281
1578.721,127.017672819
1578.783,126.207262829
1578.849,124.511492839
1578.889,123.084742845
1578.928,121.419292851
1578.995,117.969472862
1579.061,113.916672872
1579.129,109.160602882
1579.196,104.004542893
1579.287,96.4520429068
1579.378,88.5166429209
1579.445,82.5822329313
1579.512,76.6773929416
1579.579,70.887402952
1579.645,65.3678229622
1579.712,60.0118029726
1579.746,57.4049429778
1579.779,54.9529129829
1579.813,52.5112229882
1579.846,50.2267429933
1579.88,47.9635829986
1579.913,45.8567030037
1579.945,43.8991430086
1579.977,42.0262800136
1580.009,40.2381210185
1580.041,38.5342500235
1580.073,36.9138540284
1580.105,35.3757140334
1580.137,33.9183190383
1580.168,32.5817540431
1580.2,31.2777550481
1580.232,30.048402053
1580.264,28.891219058
1580.296,27.8035860629
1580.328,26.7827640679
1580.36,25.8259400728
1580.392,24.9302170778
1580.423,24.1180210826
1580.457,23.2868610878
1580.49,22.5366070929
1580.524,21.8184120982
1580.557,21.1713211033
1580.591,20.5529011086
1580.624,19.9964921137
1580.658,19.4653301189
1580.691,18.987850124
1580.725,18.5323161293
1580.758,18.1229601344
1580.792,17.7324371397
1580.825,17.3814211448
1580.859,17.04635915
1580.892,16.7449436551
1580.925,16.4650660602
1580.958,16.2049910653
1581.016,15.7910277743
1581.074,15.4253374833
1581.132,15.1010030923
1581.189,14.8167293011
1581.247,14.5574476101
1581.305,14.324014319
1581.363,14.112679128
1581.42,13.9234288368
1581.478,13.7469774458
1581.536,13.5845371548
1581.651,13.2967347726
1581.766,13.0453697903
1581.881,12.8223334081
1582.015,12.5906117289
1582.149,12.3831604496
1582.283,12.1954515703
1582.416,12.0254231909
1582.55,11.8680255116
1582.683,11.7237087321
1582.95,11.4639301734
1583.169,11.2755099071
1583.388,11.1052379406
1583.607,10.9502184737
1583.825,10.808778806
1584.044,10.6777952973
1584.262,10.5569856168
1584.699,10.3388825789
1585.013,10.1986534589
1585.327,10.0697981025
1585.641,9.9506369806
1585.954,9.8401485847
1586.581,9.6394257572
1587.208,9.4607414173
1587.663,9.3420775717
1588.118,9.2310661761
1589.027,9.0278707649
1589.936,8.8439705437
1590.845,8.6744861525
1591.672,8.5296068087
1592.498,8.3914242149
1593.325,8.2578402411
1594.151,8.1275944472
1595.309,7.9474504539
1596.466,7.7664604205
1597.045,7.6739738289
1597.623,7.5793744572
1598.202,7.4814128855
1598.78,7.3792876138
1599.4,7.2632609935
1600.02,7.1381353831
1600.33,7.0711256929
1600.64,7.0004201627
1600.95,6.9253139225
1601.26,6.8449350424
1601.488,6.7818232196
1601.715,6.7150377968
1601.942,6.6436704539
1602.169,6.5669636711
1602.397,6.4836642384
1602.624,6.3936816355
1602.738,6.3457315392
1602.851,6.2965312427
1602.965,6.2456234463
1603.078,6.1947578499
1603.192,6.1446503535
1603.306,6.0985804571
1603.363,6.078427759
1603.42,6.0612272608
1603.477,6.0479984626
1603.533,6.0400844643
1603.59,6.0387184661
1603.647,6.0459509679
1603.704,6.0640178698
1603.76,6.0948927715
1603.817,6.1427680733
1603.874,6.2108723751
1603.931,6.3034341769
1603.987,6.4228711787
1604.039,6.5636267804
1604.091,6.737869382
1604.117,6.8391223828
1604.143,6.9506923837
1604.169,7.0732853845
1604.194,7.2022403853
1604.22,7.3486093861
1604.246,7.5082443869
1604.272,7.6819503877
1604.297,7.8630113885
1604.323,8.0667273894
1604.349,8.2870043902
1604.375,8.524713391
1604.4,8.7705343918
1604.426,9.0449923926
1604.452,9.3394953934
1604.478,9.6549293943
1604.504,9.9921693951
1604.53,10.3520793959
1604.556,10.7355073967
1604.582,11.1432763976
1604.607,11.5590573983
1604.633,12.0168493992
1604.659,12.5012294
1604.685,13.0128684008
1604.71,13.5311114016
1604.736,14.0979574024
1604.762,14.6937074033
1604.788,15.3187754041
1604.813,15.9477594049
1604.842,16.7120104058
1604.87,17.4853744067
1604.899,18.3231344076
1604.927,19.1673994085
1604.984,20.9922044103
1605.041,22.9553344121
1605.098,25.0492144139
1605.155,27.2630144157
1605.212,29.5825444175
1605.268,31.9473044193
1605.336,34.9044644214
1605.403,37.8721644236
1605.47,40.8487944257
1605.537,43.7856944278
1605.63,47.6996944307
1605.676,49.5271444322
1605.722,51.2599644337
1605.795,53.775394436
1605.836,55.0422044373
1605.877,56.1912644386
1605.935,57.5982044404
1605.979,58.4825344418
1606.006,58.9430244427
1606.035,59.3658744436
1606.064,59.7128544445
1606.097,60.0138544455
1606.1,60.0362244456
1606.109,60.0982844459
1606.129,60.2091644465
1606.148,60.2798544471
1606.186,60.3198144484
1606.223,60.2292344495
1606.263,59.9891244508
1606.324,59.3452944527
1606.362,58.7806244539
1606.399,58.1156044551
1606.457,56.8574644569
1606.514,55.3848744587
1606.589,53.1344844611
1606.663,50.6242144635
1606.724,48.3856244654
1606.785,46.0347144673
1606.907,41.1452744712
1606.982,38.1135844736
1607.056,35.1721244759
1607.131,32.2904644783
1607.168,30.9185344795
1607.205,29.5850844806
1607.241,28.3279594818
1607.277,27.1133404829
1607.313,25.943470484
1607.348,24.8507274852
1607.384,23.7739824863
1607.419,22.7739304874
1607.455,21.7939654885
1607.49,20.8886794897
1607.526,20.0061924908
1607.562,19.1725904919
1607.598,18.3871114931
1607.633,17.6686404942
1607.669,16.9749404953
1607.704,16.3432274964
1607.74,15.7358934976
1607.775,15.1851044987
1607.816,14.5873975
1607.857,14.0383625013
1607.898,13.5351625026
1607.938,13.0856775038
1607.979,12.6646265051
1608.02,12.2809325064
1608.061,11.9318095077
1608.101,11.621937509
1608.142,11.3332925103
1608.183,11.0715041116
1608.224,10.8342174129
1608.264,10.6242070142
1608.305,10.4289282155
1608.345,10.2560612167
1608.386,10.095194818
1608.426,9.9525973193
1608.464,9.8289435205
1608.501,9.7185198217
1608.576,9.521041024
1608.651,9.3532551264
1608.725,9.2112438288
1608.8,9.0865679311
1608.874,8.9788930335
1608.949,8.8823274359
1609.023,8.7971148382
1609.098,8.7190723406
1609.172,8.6488276429
1609.321,8.5233918476
1609.47,8.4142065524
1609.619,8.3171214571
1609.836,8.1920434539
1610.053,8.0817721108
1610.27,7.9829743677
1610.487,7.8933702046
1610.704,7.8112879214
1610.921,7.7354587983
1611.355,7.5988044721
1611.681,7.5065686424
1612.006,7.4215826327
1612.657,7.2674264933
1613.308,7.1290585639
1613.958,7.0019570045
1614.609,6.8825179551
1615.26,6.7687016257
1615.911,6.6588775463
1616.562,6.5517664869
1617.268,6.4374412193
1617.973,6.3241145416
1618.678,6.2107174739
1619.383,6.0964005963
1620.088,5.9803394386
1620.793,5.8617151109
1621.498,5.7396785733
1622.203,5.6133078856
1623.18,5.4290493366
1623.668,5.332137272
1624.156,5.2313438175
1624.645,5.1258918629
1625.133,5.0155520084
1625.621,4.8993091838
1626.109,4.7762013593
1626.706,4.6145790482
1627.004,4.5286453676
1627.302,4.4387144571
1627.601,4.3440263265
1627.899,4.244713636
1628.197,4.1398965454
1628.495,4.0289199549
1628.875,3.8772701669
1629.065,3.7966781729
1629.255,3.7125806789
1629.445,3.6247193849
1629.635,3.532838191
1629.825,3.436706297
1630.014,3.336712803
1630.164,3.2542669077
1630.313,3.1698886124
1630.462,3.0836122172
1630.611,2.9967314219
1630.761,2.9113771266
1630.836,2.871030129
1630.91,2.8340377313
1630.985,2.8008463337
1631.059,2.7742679361
1631.134,2.7562152384
1631.208,2.7506011408
1631.273,2.7591776428
1631.337,2.7838523449
1631.402,2.8301249469
1631.466,2.9022800489
1631.499,2.95200745
1631.531,3.009685151
1631.563,3.077772752
1631.595,3.157458253
1631.628,3.2531522541
1631.66,3.3605032551
1631.692,3.4837332561
1631.724,3.6245002571
1631.757,3.7899242582
1631.789,3.9719522592
1631.821,4.1773512602
1631.853,4.4083242612
1631.886,4.6757882622
1631.918,4.9660942633
1631.95,5.2895422643
1631.982,5.6489192653
1632.015,6.0602562663
1632.047,6.5017702673
1632.079,6.9884972684
1632.111,7.5237582694
1632.143,8.1109782704
1632.175,8.7536832714
1632.207,9.4554812724
1632.239,10.2200432734
1632.258,10.705217274
1632.277,11.2146102746
1632.296,11.7490042752
1632.314,12.2790432758
1632.333,12.8643652764
1632.351,13.444048277
1632.37,14.0832322776
1632.388,14.7153102781
1632.407,15.4112252787
1632.426,16.1373572794
1632.463,17.6407962805
1632.5,19.2665522817
1632.537,21.0192842829
1632.575,22.9559962841
1632.612,24.9784912852
1632.649,27.1389752864
1632.686,29.4397452876
1632.724,31.9502552888
1632.761,34.53896529
1632.798,37.2695752911
1632.835,40.1405752923
1632.883,44.0697952938
1632.93,48.1331052953
1632.978,52.4911752968
1633.025,56.9469152983
1633.1,64.3950853007
1633.175,72.1736753031
1633.324,88.1261453078
1633.399,96.1187353102
1633.473,103.769385313
1633.534,109.782785314
1633.595,115.431695316
1633.67,121.744345319
1633.744,127.145195321
1633.781,129.494275322
1633.818,131.588965323
1633.859,133.597035325
1633.899,135.224735326
1633.95,136.806895328
1634.003,137.848015329
1634.006,137.888295329
1634.015,137.99707533
1634.023,138.07857533
1634.039,138.19857533
1634.071,138.266585331
1634.114,137.997855333
1634.18,136.793195335
1634.219,135.642135336
1634.258,134.176865337
1634.297,132.409935339
1634.336,130.35600534
1634.4,126.407785342
1634.463,121.891015344
1634.541,115.565435346
1634.618,108.689835349
1634.696,101.269775351
1634.774,93.5754553537
1634.922,78.8387553584
1634.996,71.6672453607
1635.069,64.862595363
1635.108,61.3660653643
1635.147,57.9796453655
1635.186,54.7118553668
1635.225,51.569665368
1635.264,48.5585753692
1635.303,45.6826453705
1635.342,42.9445953717
1635.38,40.4107873729
1635.412,38.3799053739
1635.444,36.4427143749
1635.476,34.5983973759
1635.507,32.8991683769
1635.539,31.2338503779
1635.571,29.6568013789
1635.603,28.16586838
1635.634,26.8013583809
1635.666,25.472676382
1635.698,24.222341383
1635.73,23.047413384
1635.761,21.978252385
1635.793,20.942819386
1635.824,20.002871387
1635.856,19.094652388
1635.887,18.271946389
1635.926,17.3122733902
1635.965,16.4312833914
1636.004,15.6234163927
1636.043,14.8832953939
1636.082,14.2057493951
1636.121,13.5857973964
1636.16,13.0187313976
1636.198,12.5127963988
1636.237,12.0372604
1636.276,11.6020854013
1636.315,11.2035984025
1636.354,10.8383754037
1636.393,10.503262405
1636.432,10.1953464062
1636.471,9.9119624074
1636.509,9.6571125087
1636.562,9.3328327103
1636.615,9.040380712
1636.668,8.7753985137
1636.721,8.5341017154
1636.774,8.313219117
1636.827,8.1099324187
1636.88,7.9218279204
1636.932,7.750027122
1637.038,7.4322201254
1637.143,7.1515150287
1637.249,6.8945040321
1637.354,6.6602671354
1637.432,6.4968563379
1637.51,6.3410057404
1637.588,6.1916945428
1637.665,6.0499276453
1637.743,5.9114120477
1637.82,5.7792571502
1637.898,5.6497407526
1637.975,5.5260632551
1638.053,5.4050814576
1638.13,5.29018906
1638.208,5.1789932625
1638.285,5.0752944649
1638.363,4.9778553674
1638.44,4.8912254698
1638.518,4.8160700723
1638.595,4.7582269747
1638.652,4.7288717765
1638.708,4.7140192783
1638.765,4.7163234801
1638.821,4.7394504819
1638.878,4.7888134837
1638.934,4.8679904855
1638.99,4.9837644872
1639.046,5.143307489
1639.075,5.2458204899
1639.103,5.3592254908
1639.131,5.4880484917
1639.159,5.6336014926
1639.188,5.8034764935
1639.216,5.9874864944
1639.244,6.1927254953
1639.272,6.4208524962
1639.301,6.6831174971
1639.329,6.963328498
1639.357,7.2720044988
1639.385,7.6111554997
1639.413,7.9828835006
1639.441,8.3893675015
1639.469,8.8328655024
1639.497,9.3157115033
1639.516,9.6669825039
1639.535,10.0382435045
1639.554,10.4302685051
1639.572,10.8215325057
1639.591,11.2562715063
1639.609,11.6894415068
1639.628,12.1699495074
1639.646,12.647945508
1639.665,13.1773225086
1639.683,13.7030905092
1639.702,14.2844555098
1639.72,14.8609485103
1639.757,16.1275535115
1639.794,17.5088435127
1639.832,19.0529015139
1639.869,20.6841195151
1639.906,22.4466655162
1639.943,24.3453455174
1639.98,26.3844455186
1640.017,28.5676755197
1640.054,30.8980755209
1640.091,33.3778955221
1640.13,36.1550255233
1640.169,39.1001655246
1640.208,42.2124955258
1640.246,45.403715527
1640.285,48.8381555282
1640.323,52.3346955294
1640.362,56.0706255307
1640.4,59.8462155319
1640.457,65.7388655337
1640.513,71.7620855355
1640.566,77.6360155371
1640.619,83.6344155388
1640.725,95.8051055422
1640.803,104.696155545
1640.88,113.207685547
1640.937,119.223415549
1640.993,124.811615551
1641.07,131.839035553
1641.109,135.057025554
1641.148,138.016475556
1641.187,140.697395557
1641.225,143.024335558
1641.281,145.90901556
1641.351,148.549965562
1641.4,149.733315564
1641.413,149.953385564
1641.453,150.381555565
1641.493,150.433135566
1641.544,149.955575568
1641.607,148.54038557
1641.656,146.830255572
1641.705,144.612445573
1641.754,141.916295575
1641.802,138.844435576
1641.873,133.597385578
1641.944,127.627915581
1641.993,123.159885582
1642.042,118.462205584
1642.139,108.673235587
1642.237,98.4315855901
1642.335,88.1823755932
1642.382,83.3547955946
1642.429,78.6244555961
1642.476,74.0168455976
1642.522,69.6474055991
1642.569,65.3445856006
1642.615,61.306215602
1642.662,57.3686556035
1642.708,53.708085605
1642.757,50.0254556065
1642.806,46.5699056081
1642.831,44.8947256089
1642.855,43.3422056096
1642.88,41.7826756104
1642.904,40.3404256112
1642.929,38.894641612
1642.953,37.5602946127
1642.978,36.2253126135
1643.002,34.9955766143
1643.027,33.7675586151
1643.051,32.6384016158
1643.075,31.5568336166
1643.099,30.5216776173
1643.137,28.9746116186
1643.175,27.5357426198
1643.213,26.199809621
1643.25,24.9928316221
1643.288,23.8442256233
1643.326,22.7824556245
1643.364,21.8021276257
1643.401,20.9207946269
1643.439,20.0857546281
1643.477,19.3168056293
1643.515,18.6091036305
1643.552,17.9744706317
1643.59,17.3742826329
1643.627,16.8361706341
1643.665,16.3271996353
1643.702,15.8706386364
1643.751,15.319765638
1643.8,14.8238876395
1643.849,14.3767476411
1643.898,13.9727256427
1643.947,13.6067846442
1643.996,13.2744102458
1644.045,12.9716022473
1644.093,12.7002455488
1644.142,12.4459501504
1644.191,12.2119009519
1644.24,11.9956811535
1644.289,11.795191355
1644.338,11.6086257566
1644.387,11.4343782581
1644.484,11.1205959612
1644.555,10.9131089635
1644.626,10.7213433657
1644.697,10.543118068
1644.768,10.3766683702
1644.91,10.0735045747
1645.052,9.8029441792
1645.194,9.5587308837
1645.336,9.3363157882
1645.478,9.1322772927
1645.62,8.9439588972
1645.816,8.7060120034
1646.011,8.4907140096
1646.207,8.2924735158
1646.402,8.110652322
1646.598,7.9412286282
1646.793,7.7841787344
1646.988,7.6371604405
1647.183,7.4989633467
1647.503,7.2886725568
1647.823,7.095754867
1648.143,6.9173220771
1648.462,6.7515879872
1648.782,6.5956815973
1649.101,6.4491016074
1649.421,6.3097097176
1649.74,6.1773687277
1650.273,5.9687239445
1650.806,5.7729901614
1651.339,5.5876803083
1651.872,5.4107935452
1652.405,5.2406832021
1652.938,5.0760231789
1653.471,4.9157622158
1654.003,4.7593277727
1654.785,4.5342334474
1655.566,4.3134481221
1656.348,4.0947818769
1657.129,3.8774546916
1657.911,3.6597935864
1658.692,3.4414230112
1659.473,3.2212980359
1660.254,2.9988103606
1661.0,2.7836804843
1661.746,2.5657819079
1662.492,2.3451128315
1663.238,2.1219547551
1663.611,2.0096328669
1663.984,1.8969768788
1664.357,1.7841573906
1664.73,1.6713880024
1665.103,1.5589431142
1665.476,1.447163926
1665.849,1.3364877378
1666.221,1.2277547496
1666.559,1.1309574603
1666.896,1.036981071
1667.234,0.9460222817
1667.571,0.8595316924
1667.74,0.8180770977
1667.909,0.7781164031
1668.078,0.7398313084
1668.246,0.7036333138
1668.415,0.6693151191
1668.584,0.6373483245
1668.753,0.6080112298
1668.921,0.5817610351
1669.117,0.5552622413
1669.312,0.5338825475
1669.507,0.5181531537
1669.702,0.5088462599
1669.898,0.5068533461
1669.996,0.5089387692
1670.093,0.5132089023
1670.191,0.5199024754
1670.288,0.5290427084
1670.386,0.5409919715
1670.483,0.5556906446
1670.563,0.5701022871
1670.643,0.5867090597
1670.723,0.6056362222
1670.803,0.6270171947
1670.883,0.6509939973
1670.963,0.6777178998
1671.043,0.7073500023
1671.123,0.7400623049
1671.203,0.7760381074
1671.283,0.8154731099
1671.363,0.8585766125
1671.443,0.905572015
1671.523,0.9566984175
1671.603,1.0122120201
1671.683,1.0723871226
1671.762,1.1366716251
1671.86,1.2235904282
1671.958,1.3190417313
1672.056,1.4237117344
1672.153,1.5371278375
1672.251,1.6624434406
1672.348,1.7979828436
1672.446,1.9475236467
1672.543,2.1090787498
1672.592,2.1961786514
1672.641,2.2871733529
1672.69,2.3822346545
1672.739,2.481541156
1672.788,2.5852801576
1672.837,2.6936517591
1672.886,2.8068637607
1672.934,2.9226714622
1672.983,3.0461285637
1673.032,3.1751195653
1673.081,3.3099025668
1673.129,3.4478175684
1673.178,3.5948915699
1673.227,3.7486235715
1673.276,3.909335573
1673.324,4.0738665745
1673.373,4.2494275761
1673.422,4.4330555776
1673.471,4.6251575792
1673.52,4.8261695808
1673.569,5.0365545823
1673.618,5.2568035839
1673.667,5.4874425854
1673.715,5.7239845869
1673.764,5.9768755885
1673.813,6.24193259
1673.862,6.5198385916
1673.911,6.8113175931
1673.96,7.1171545947
1674.009,7.4381785962
1674.058,7.7752895978
1674.106,8.1220445993
1674.155,8.4939096009
1674.204,8.8849506024
1674.253,9.296369604
1674.302,9.7294646055
1674.351,10.1856316071
1674.4,10.6663916086
1674.449,11.1733866102
1674.497,11.6971796117
1674.546,12.2614966132
1674.595,12.8578296148
1674.644,13.4884556163
1674.692,14.1418656179
1674.741,14.8479576194
1674.79,15.596464621
1674.839,16.3906326225
1674.887,17.216288624
1674.936,18.1116566256
1674.985,19.0643036271
1675.034,20.0789106287
1675.083,21.1606066303
1675.132,22.3150186318
1675.181,23.5483446334
1675.23,24.8673676349
1675.278,26.2497636364
1675.327,27.761169638
1675.376,29.3827456395
1675.425,31.1243216411
1675.474,32.9966936426
1675.523,35.0116426442
1675.572,37.1820486457
1675.621,39.5219736473
1675.669,41.9932236488
1675.707,44.08564065
1675.745,46.3072636512
1675.783,48.6668966524
1675.82,51.1059536536
1675.858,53.7659606548
1675.896,56.593393656
1675.934,59.5992546572
1675.971,62.7084756584
1676.009,66.1009746596
1676.047,69.7079246608
1676.085,73.542521662
1676.122,77.5080046632
1676.16,81.8326036644
1676.198,86.4270226656
1676.236,91.3062956668
1676.273,96.3455306679
1676.322,103.481921669
1676.371,111.176946671
1676.42,119.464966673
1676.468,128.191706674
1676.517,137.753756676
1676.566,148.008316677
1676.615,158.986366679
1676.663,170.46953668
1676.712,182.961756682
1676.761,196.254096683
1676.81,210.364546685
1676.859,225.306346686
1676.908,241.086856688
1676.957,257.70695669
1677.006,275.160256691
1677.054,293.051286693
1677.103,312.103046694
1677.152,331.918836696
1677.249,373.225816699
1677.347,417.369996702
1677.444,462.839476705
1677.64,556.824976711
1677.738,602.884846714
1677.835,646.394086717
1677.935,687.871506721
1678.035,724.706336724
1678.085,741.021946725
1678.135,755.760946727
1678.185,768.805516729
1678.235,780.05145673
1678.281,788.732046731
1678.326,795.621956733
1678.372,800.983116734
1678.417,804.551526736
1678.434,805.463966736
1678.492,806.770976738
1678.55,805.29107674
1678.608,801.060426742
1678.666,794.148386744
1678.724,784.655816746
1678.782,772.713066747
1678.84,758.476626749
1678.897,742.424676751
1678.968,719.860516753
1679.038,695.182986755
1679.108,668.492356758
1679.178,640.19764676
1679.351,565.979326765
1679.524,490.199096771
1679.593,460.640026773
1679.661,432.252936775
1679.729,404.798986777
1679.797,378.435676779
1679.865,353.285776782
1679.933,329.438266784
1680.001,306.951406786
1680.069,285.855406788
1680.137,266.15555679
1680.205,247.836316793
1680.273,230.864096795
1680.341,215.191316797
1680.409,200.759296799
1680.477,187.501386801
1680.545,175.345681803
1680.613,164.217406805
1680.657,157.528485807
1680.7,151.356903808
1680.744,145.395770809
1680.787,139.897212811
1680.831,134.586697812
1680.874,129.687788814
1680.917,125.059667815
1680.96,120.685966816
1681.004,116.457977818
1681.047,112.553025819
1681.09,108.858181821
1681.133,105.360186822
1681.177,101.971847823
1681.22,98.8350208246
1681.263,95.859611826
1681.306,93.0352618273
1681.374,88.8537798295
1681.442,84.9908388316
1681.51,81.4148878338
1681.578,78.0977458359
1681.646,75.0142518381
1681.714,72.1419918403
1681.782,69.4610408424
1681.85,66.9536268446
1681.918,64.6039578467
1681.986,62.3979648489
1682.054,60.323112851
1682.122,58.3681988532
1682.19,56.5232388553
1682.258,54.7792568575
1682.326,53.1282288596
1682.394,51.5629168618
1682.463,50.055531864
1682.531,48.6438248661
1682.667,46.0194198704
1682.803,43.6304178747
1682.939,41.446229879
1683.075,39.4412728834
1683.211,37.5939658877
1683.347,35.885997892
1683.483,34.3017078963
1683.619,32.8276529006
1683.755,31.4521819049
1683.891,30.1651899092
1684.027,28.9578459135
1684.163,27.8224269178
1684.299,26.7521165221
1684.435,25.7408990264
1684.571,24.7834388307
1684.707,23.874993135
1684.843,23.0113079393
1684.979,22.1885749436
1685.115,21.403378048
1685.251,20.6526115523
1685.387,19.9334779566
1685.523,19.2434165609
1685.659,18.5801221652
1685.808,17.8816149699
1685.956,17.2145566746
1686.105,16.5676129793
1686.253,15.947385884
1686.402,15.3435326887
1686.55,14.7624091934
1686.699,14.1945209981
1686.847,13.6459955028
1687.07,12.8457426099
1687.293,12.0733193169
1687.405,11.6946997205
1687.516,11.325075024
1687.627,10.9606905275
1687.738,10.601276931
1687.85,10.2434583346
1687.961,9.8935638381
1688.072,9.5485023416
1688.183,9.2086881451
1688.295,8.8720094487
1688.406,8.5460494522
1688.517,8.2304064557
1688.628,7.9293363592
1688.693,7.7623390613
1688.758,7.6044190633
1688.823,7.4579380654
1688.888,7.3258770674
1688.953,7.2119670695
1689.018,7.1208360716
1689.083,7.0581830736
1689.148,7.0309510757
1689.181,7.0333040767
1689.213,7.0475320777
1689.246,7.0758600788
1689.278,7.1179660798
1689.311,7.1780630808
1689.343,7.2541500819
1689.376,7.3528280829
1689.408,7.4700280839
1689.441,7.615210085
1689.473,7.781773086
1689.506,7.982568087
1689.538,8.207922088
1689.571,8.4746780891
1689.603,8.7694670901
1689.636,9.1137890911
1689.668,9.4898710921
1689.702,9.9385510932
1689.736,10.4416820943
1689.77,11.0033700954
1689.804,11.6278610965
1689.838,12.3195240975
1689.872,13.0828370986
1689.906,13.9223520997
1689.94,14.8426791008
1689.974,15.8484511018
1690.008,16.9442861029
1690.042,18.134753104
1690.076,19.4243341051
1690.11,20.8173741061
1690.144,22.3180351072
1690.178,23.9302371083
1690.211,25.6051471093
1690.238,27.0583571102
1690.264,28.529697111
1690.291,30.1336271119
1690.317,31.7523471127
1690.344,33.5112671136
1690.37,35.2807271144
1690.396,37.1248271152
1690.422,39.043747116
1690.449,41.1155671169
1690.475,43.1864571177
1690.527,47.5485971194
1690.58,52.289167121
1690.632,57.2157171227
1690.694,63.4199671246
1690.756,69.9439671266
1690.821,77.0698871287
1690.886,84.4171071307
1691.016,99.4253071348
1691.084,107.226927137
1691.152,114.830837139
1691.214,121.479497141
1691.276,127.752537143
1691.344,134.083127145
1691.412,139.718307147
1691.48,144.54465715
1691.547,148.412807152
1691.616,151.394247154
1691.654,152.578747155
1691.691,153.410477156
1691.704,153.626447157
1691.713,153.752607157
1691.733,153.964337157
1691.752,154.077627158
1691.791,154.041937159
1691.828,153.675927161
1691.864,153.012727162
1691.937,150.761217164
1692.01,147.352577166
1692.073,143.551377168
1692.136,139.03137717
1692.209,133.007207173
1692.281,126.373957175
1692.374,117.031407178
1692.467,107.116237181
1692.613,91.1435471854
1692.686,83.2616171877
1692.758,75.70726719
1692.798,71.6388171913
1692.838,67.6790571925
1692.878,63.8393271938
1692.917,60.220337195
1692.957,56.6442271963
1692.997,53.2117471976
1693.037,49.9276271988
1693.076,46.8715172001
1693.113,44.1068872012
1693.149,41.5434172024
1693.186,39.0382972036
1693.222,36.7258572047
1693.259,34.4757882059
1693.295,32.407360207
1693.331,30.4552662081
1693.367,28.6162682093
1693.404,26.8402332105
1693.44,25.2191752116
1693.477,23.6586072128
1693.513,22.2384532139
1693.55,20.8750722151
1693.586,19.6375262162
1693.622,18.4831192174
1693.658,17.4072842185
1693.682,16.7314852193
1693.705,16.11350222
1693.728,15.5233872207
1693.751,14.9600102214
1693.775,14.3994512222
1693.798,13.8872872229
1693.821,13.3985752237
1693.844,12.9322622244
1693.868,12.4684872252
1693.891,12.0448832259
1693.937,11.2551052273
1693.983,10.5359782288
1694.029,9.8808442303
1694.076,9.2711732317
1694.122,8.7271762332
1694.169,8.2198352347
1694.215,7.7660192361
1694.262,7.3416312376
1694.308,6.9609382391
1694.354,6.6112042405
1694.4,6.289506242
1694.453,5.9502872437
1694.506,5.6415032454
1694.543,5.4424342465
1694.579,5.2608432477
1694.616,5.0859282488
1694.652,4.92654925
1694.689,4.7733192512
1694.725,4.6340892523
1694.762,4.5007572535
1694.798,4.3802352546
1694.835,4.2655982558
1694.871,4.1628772569
1694.908,4.0662572581
1694.944,3.9809172592
1694.981,3.9021082604
1695.017,3.8341562615
1695.053,3.7749112627
1695.089,3.7245262638
1695.126,3.682189265
1695.162,3.6504402661
1695.199,3.6278372673
1695.235,3.6159602684
1695.272,3.6145812696
1695.308,3.6242482708
1695.344,3.6452952719
1695.38,3.678306273
1695.417,3.7253812742
1695.453,3.7847122753
1695.49,3.8604372765
1695.526,3.9493592777
1695.563,4.0574412788
1695.599,4.17992728
1695.635,4.3206752811
1695.671,4.4809592823
1695.698,4.6148272831
1695.724,4.7554542839
1695.753,4.9266242849
1695.781,5.1070342857
1695.809,5.3031952866
1695.837,5.5160392875
1695.866,5.7551322884
1695.894,6.0050782893
1695.922,6.2749402902
1695.95,6.5659332911
1695.979,6.890980292
1696.007,7.2290942929
1696.035,7.5925552938
1696.063,7.9829402947
1696.091,8.4019342956
1696.119,8.8513232964
1696.147,9.3330162973
1696.175,9.8490352982
1696.194,10.2198302988
1696.212,10.5872412994
1696.248,11.3717063005
1696.267,11.8138573011
1696.285,12.2516263017
1696.321,13.1852723028
1696.34,13.7109393034
1696.358,14.231016304
1696.394,15.3390813052
1696.43,16.5436053063
1696.466,17.8521343074
1696.503,19.3138513086
1696.539,20.8585333097
1696.576,22.5816403109
1696.612,24.3999273121
1696.649,26.4252463132
1696.685,28.5591483144
1696.722,30.9321793155
1696.758,33.4282053167
1696.795,36.1990673179
1696.831,39.108168319
1696.867,42.2409833201
1696.903,45.6113323213
1696.94,49.3377593224
1696.976,53.2337263236
1697.012,57.4112203247
1697.048,61.8852583259
1697.085,66.808530327
1697.121,71.9304343282
1697.158,77.5515553293
1697.194,83.3832873305
1697.231,89.7650763317
1697.267,96.3663923328
1697.304,103.568287334
1697.34,110.994497335
1697.377,119.070057336
1697.413,127.369417337
1697.45,136.363527339
1697.486,145.57440734
1697.523,155.520247341
1697.559,165.667897342
1697.595,176.282267343
1697.631,187.363337344
1697.668,199.236187345
1697.704,211.254127347
1697.741,224.076897348
1697.777,237.000627349
1697.85,264.503587351
1697.922,293.203077354
1697.995,323.693657356
1698.068,355.327917358
1698.213,420.270947363
1698.286,453.262437365
1698.359,485.873987367
1698.432,517.63467737
1698.505,548.059047372
1698.584,578.915687374
1698.662,606.702457377
1698.74,631.286087379
1698.818,652.184987382
1698.864,662.614747383
1698.909,671.372957385
1698.955,678.792497386
1699.0,684.508307388
1699.027,687.192407388
1699.07,690.30041739
1699.112,691.945877391
1699.196,691.129657394
1699.281,684.851237397
1699.365,673.528077399
1699.456,655.982537402
1699.546,633.847807405
1699.637,607.381777408
1699.727,577.975047411
1699.821,544.735007414
1699.915,509.839417417
1700.009,474.17817742
1700.103,438.558947423
1700.198,403.316717426
1700.292,369.775327429
1700.339,353.64606743
1700.386,338.005547432
1700.433,322.889717433
1700.48,308.327107435
1700.545,289.137837437
1700.609,271.352237439
1700.673,254.680767441
1700.737,239.119984443
1700.77,231.524793444
1700.802,224.433590445
1700.834,217.607593446
1700.866,211.041824447
1700.898,204.731085448
1700.93,198.669159449
1700.962,192.85001745
1700.994,187.266921451
1701.042,179.319492452
1701.089,172.013977454
1701.136,165.156178455
1701.183,158.722493457
1701.23,152.689355458
1701.277,147.03335046
1701.324,141.731623461
1701.371,136.761788463
1701.419,132.006357464
1701.466,127.642465466
1701.513,123.547926467
1701.56,119.704158469
1701.607,116.09326247
1701.654,112.698612472
1701.701,109.504561473
1701.748,106.496530475
1701.796,103.602244476
1701.843,100.929384478
1701.89,98.4042204792
1701.937,96.0158804807
1701.984,93.7543664822
1702.031,91.6104494837
1702.078,89.5756394852
1702.125,87.6421244867
1702.173,85.7645694882
1702.22,84.0145124897
1702.314,80.7529754926
1702.408,77.7748644956
1702.502,75.0443374986
1702.592,72.6339935014
1702.682,70.4002755043
1702.772,68.3238795071
1702.862,66.38823651
1702.952,64.5790485128
1703.042,62.8839165157
1703.132,61.2920535185
1703.222,59.7940315214
1703.312,58.3815286242
1703.402,57.0472511271
1703.492,55.7846952299
1703.582,54.5880918328
1703.672,53.4522803356
1703.762,52.3726359385
1703.941,50.3762711442
1704.13,48.4610290501
1704.318,46.7258116561
1704.507,45.1298642621
1704.695,43.671628168
1704.884,42.319997374
1705.072,41.07619278
1705.26,39.9216448859
1705.448,38.8468383919
1705.603,38.0148026968
1705.757,37.2322295017
1706.065,35.7850757114
1706.374,34.4714859212
1706.682,33.280187131
1706.991,32.1872047408
1707.299,31.1863111505
1707.607,30.2627423603
1707.915,29.40719077
1708.292,28.441056582
1708.669,27.5526813939
1709.046,26.7317523058
1709.423,25.9695029178
1709.8,25.2584542297
1710.177,24.5921082416
1710.554,23.9647344536
1710.931,23.3712001655
1711.411,22.6570658807
1711.891,21.9809845959
1712.371,21.3337685111
1712.611,21.0179116187
1712.85,20.7066703263
1713.09,20.3958370339
1713.33,20.0848858415
1713.57,19.7718126491
1713.69,19.6139535529
1713.809,19.4564349567
1713.929,19.2967817605
1714.049,19.1369447643
1714.169,18.9782886681
1714.289,18.8232936719
1714.349,18.7483965738
1714.409,18.6761648757
1714.469,18.6075246776
1714.529,18.5436058795
1714.589,18.4857709814
1714.649,18.4356639833
1714.709,18.3952475852
1714.768,18.367166687
1714.816,18.3545995886
1714.863,18.35279809
1714.91,18.3630056915
1714.957,18.386964093
1715.005,18.4276039945
1715.052,18.485331896
1715.099,18.5629998975
1715.146,18.662957899
1715.194,18.7905949005
1715.241,18.943183902
1715.288,19.1257489035
1715.335,19.340945905
1715.382,19.5914459065
1715.429,19.879902908
1715.476,20.2088499095
1715.5,20.3932309102
1715.523,20.580706911
1715.558,20.8868429121
1715.592,21.2089829131
1715.626,21.5562239142
1715.66,21.9291349153
1715.695,22.3403449164
1715.729,22.7667169175
1715.763,23.2198399186
1715.797,23.6997919196
1715.832,24.2218149207
1715.866,24.7558019218
1715.934,25.901425924
1716.003,27.1645199262
1716.071,28.4995089283
1716.166,30.4907379313
1716.26,32.5661979343
1716.354,34.6927079373
1716.448,36.8077979402
1716.495,37.8397479417
1716.542,38.8427779432
1716.589,39.8079279447
1716.636,40.7263379462
1716.696,41.8171979481
1716.756,42.80083795
1716.795,43.3752379512
1716.833,43.8812879524
1716.881,44.439807954
1716.889,44.5237679542
1716.919,44.8146279552
1716.942,45.0114579559
1716.963,45.1709379566
1716.981,45.2920279571
1717.0,45.4040279577
1717.013,45.4712179581
1717.041,45.589687959
1717.063,45.6574579597
1717.085,45.7028379604
1717.127,45.7272279618
1717.174,45.6581279632
1717.218,45.5024279646
1717.261,45.267307966
1717.325,44.771487968
1717.388,44.12329797
1717.432,43.5837079714
1717.475,42.9932279728
1717.561,41.6472479755
1717.636,40.3246679779
1717.711,38.8981679803
1717.861,35.865957985
1717.956,33.913718988
1718.004,32.9401399895
1718.051,32.003264991
1718.099,31.0685949925
1718.146,30.179671994
1718.193,29.3205969955
1718.24,28.494563997
1718.284,27.7534639984
1718.327,27.0608769998
1718.371,26.3857150012
1718.414,25.7593660025
1718.458,25.1530380039
1718.501,24.5942810053
1718.545,24.0567860067
1718.588,23.564411008
1718.632,23.0934250094
1718.675,22.6642200108
1718.719,22.2556450122
1718.762,21.8849630135
1718.806,21.5334930149
1718.849,21.2157620163
1718.892,20.9219850177
1718.935,20.650650019
1718.967,20.46241022
1718.999,20.285162521
1719.031,20.1183022221
1719.062,19.965992323
1719.125,19.682643025
1719.188,19.430871027
1719.252,19.203430229
1719.315,19.003787631
1719.378,18.824945733
1719.441,18.663996235
1719.505,18.5162078371
1719.568,18.3839253391
1719.631,18.262776241
1719.694,18.151115143
1719.757,18.047518345
1719.82,17.950770147
1719.946,17.773960451
1720.065,17.6228699548
1720.183,17.4845366585
1720.302,17.3540161623
1720.42,17.231674066
1720.657,17.0023133735
1720.894,16.789524181
1721.131,16.5892631885
1721.368,16.398863096
1721.842,16.0406126111
1722.285,15.7258089151
1722.727,15.4253079191
1723.169,15.1343600231
1723.611,14.8497946871
1724.022,14.5885445401
1724.433,14.3285376232
1724.844,14.0679308662
1725.254,13.8055021691
1725.665,13.5380248322
1726.075,13.2646578451
1726.486,12.9816551582
1726.896,12.6875861711
1727.339,12.3527368852
1727.56,12.1774820921
1727.781,11.9957388991
1728.002,11.8065966061
1728.223,11.6090269131
1728.444,11.4018277201
1728.665,11.1836050271
1728.839,11.0030029326
1729.013,10.8137004382
1729.187,10.6147053437
1729.36,10.4062140491
1729.534,10.1848265547
1729.708,9.9510112602
1729.882,9.7050228657
1729.969,9.5781179684
1730.055,9.4509345712
1730.15,9.3097808742
1730.245,9.1702263772
1730.34,9.0358834802
1730.435,8.9121390832
1730.483,8.8560115847
1730.53,8.8068108862
1730.578,8.7639575877
1730.625,8.7309692892
1730.673,8.7085273908
1730.72,8.6999231922
1730.767,8.7072462937
1730.814,8.7335736952
1730.858,8.7785541966
1730.901,8.844698398
1730.945,8.9386613994
1730.988,9.0600384007
1731.032,9.2188874021
1731.075,9.4127034035
1731.119,9.6558274049
1731.162,9.9428374062
1731.206,10.2933674076
1731.249,10.698046409
1731.293,11.1829334104
1731.336,11.7334444118
1731.358,12.0469034125
1731.38,12.3832944131
1731.402,12.7437124138
1731.423,13.1111834145
1731.445,13.5217974152
1731.466,13.9392664159
1731.488,14.4044664166
1731.509,14.8761814172
1731.547,15.8017784184
1731.584,16.7971384196
1731.622,17.9220524208
1731.659,19.123068422
1731.697,20.4708914232
1731.734,21.9000294244
1731.772,23.4930694256
1731.809,25.1709994267
1731.847,27.0291074279
1731.884,28.9735024291
1731.922,31.1127484303
1731.959,33.3369084315
1731.997,35.7682284327
1732.034,38.2797884339
1732.072,41.0075084351
1732.109,43.8069984362
1732.153,47.3177784376
1732.196,50.934698439
1732.24,54.8186284404
1732.283,58.7836684417
1732.327,63.0020884431
1732.37,67.2680684445
1732.456,76.1580584472
1732.559,87.2417784505
1732.661,98.3789784537
1732.748,107.726558457
1732.835,116.671968459
1732.879,120.962008461
1732.922,124.961118462
1732.966,128.824288463
1733.009,132.347108465
1733.056,135.880428466
1733.099,138.796228468
1733.143,141.442548469
1733.186,143.67913847
1733.235,145.785318472
1733.3,147.820388474
1733.311,148.077058474
1733.344,148.692648475
1733.377,149.075218476
1733.433,149.190228478
1733.488,148.65417848
1733.547,147.380458482
1733.602,145.566908483
1733.656,143.230078485
1733.711,140.322008487
1733.765,136.992548489
1733.844,131.376358491
1733.923,125.023388494
1734.032,115.371948497
1734.141,105.113148501
1734.25,94.684468504
1734.304,89.5762385057
1734.358,84.5624485074
1734.41,79.8570985091
1734.462,75.3001585107
1734.514,70.9148785124
1734.566,66.720188514
1734.618,62.7307585157
1734.67,58.9572285173
1734.696,57.1537045181
1734.722,55.406450519
1734.748,53.7157655198
1734.774,52.0817715206
1734.802,50.3854115215
1734.829,48.8115445223
1734.856,47.2979835232
1734.883,45.8440845241
1734.91,44.4490415249
1734.937,43.1119235258
1734.964,41.8316495266
1734.991,40.6070285275
1735.019,39.3944615284
1735.046,38.2791175292
1735.073,37.2152495301
1735.1,36.2013235309
1735.127,35.2357765318
1735.154,34.3169825326
1735.181,33.4433055335
1735.208,32.6130715343
1735.231,31.9388425351
1735.253,31.3213395358
1735.297,30.1630535372
1735.342,29.0779935386
1735.386,28.10721854
1735.431,27.1994225414
1735.475,26.3882175428
1735.52,25.6301575442
1735.564,24.9528455456
1735.609,24.319615547
1735.653,23.7532465484
1735.698,23.2228755499
1735.742,22.7474743513
1735.787,22.3010584527
1735.831,21.8995873541
1735.875,21.5292421555
1735.919,21.1868631569
1735.974,20.7938750586
1736.028,20.4413789603
1736.083,20.1120058621
1736.137,19.8140812638
1736.192,19.5332822655
1736.246,19.2770585672
1736.355,18.8093272707
1736.464,18.3952532741
1736.573,18.0232506776
1736.682,17.684737181
1736.79,17.3760674844
1736.884,17.1253678874
1736.978,16.8888370904
1737.166,16.4508831964
1737.354,16.0504698023
1737.541,15.6811782082
1737.729,15.3328824142
1737.917,15.0027408201
1738.105,14.6867585261
1738.292,14.383170032
1738.45,14.132850537
1738.658,13.8091528436
1738.866,13.4890631502
1739.074,13.1694353568
1739.281,12.8487643633
1739.489,12.5209104699
1739.697,12.1843371765
1739.905,11.8361504831
1740.009,11.6570168864
1740.112,11.4761952897
1740.221,11.2813958931
1740.33,11.0838815966
1740.439,10.8853712
1740.547,10.6907799034
1740.656,10.5017368069
1740.71,10.4132363086
1740.764,10.3299244103
1740.819,10.252168712
1740.873,10.1849085138
1740.927,10.1291712155
1740.981,10.0879660172
1741.033,10.0653499188
1741.085,10.0632698205
1741.137,10.0860866221
1741.189,10.1388417238
1741.241,10.2273167254
1741.293,10.3580967271
1741.345,10.5386217287
1741.397,10.7772397304
1741.423,10.9211967312
1741.449,11.083234732
1741.475,11.2646627328
1741.501,11.4668547336
1741.527,11.6912417345
1741.553,11.9393127353
1741.579,12.2126187361
1741.605,12.5127637369
1741.631,12.8414097378
1741.657,13.2002627386
1741.683,13.5910897394
1741.709,14.0156847402
1741.735,14.4759057411
1741.761,14.9736237419
1741.787,15.5107547427
1741.813,16.0892327435
1741.841,16.7606827444
1741.868,17.4580067453
1741.895,18.2064997461
1741.922,19.008346747
1741.949,19.8657257478
1741.976,20.7807727487
1742.003,21.7555797495
1742.03,22.7921597504
1742.058,23.9344987513
1742.085,25.1029107521
1742.112,26.338769753
1742.139,27.6437087539
1742.166,29.0192407547
1742.193,30.4667177556
1742.22,31.9873087564
1742.247,33.5820387573
1742.275,35.3149487582
1742.302,37.062868759
1742.329,38.8866287599
1742.356,40.7862787607
1742.411,44.8896087625
1742.465,49.2185387642
1742.52,53.9229287659
1742.574,58.8161087676
1742.629,64.0574987694
1742.683,69.4294487711
1742.743,75.620978773
1742.802,81.8886487749
1742.92,94.7208587786
1742.999,103.315698781
1743.073,111.185338783
1743.147,118.722328786
1743.202,124.016608788
1743.256,128.892058789
1743.32,134.178448791
1743.374,138.162808793
1743.429,141.720988795
1743.483,144.681728796
1743.54,147.196078798
1743.6,149.1315488
1743.611,149.4052188
1743.644,150.073118801
1743.677,150.510018803
1743.714,150.724408804
1743.751,150.648208805
1743.79,150.256368806
1743.828,149.571988807
1743.867,148.566508809
1743.905,147.30052881
1743.958,145.083778811
1744.01,142.428518813
1744.087,137.704848815
1744.163,132.237328818
1744.24,126.03329882
1744.317,119.320148823
1744.45,106.996718827
1744.516,100.742828829
1744.582,94.5161188312
1744.659,87.3899288337
1744.698,83.8700988349
1744.736,80.5139688361
1744.775,77.1553288373
1744.813,73.9751888385
1744.852,70.8139688398
1744.89,67.840058841
1744.943,63.8766488427
1744.995,60.2052278443
1745.022,58.3858008452
1745.048,56.690510846
1745.074,55.0510828468
1745.1,53.4675298476
1745.127,51.8820008485
1745.153,50.4116168493
1745.179,48.9960798501
1745.205,47.634755851
1745.231,46.3269008518
1745.257,45.0716228526
1745.283,43.8679468534
1745.309,42.7148058542
1745.348,41.0773038555
1745.386,39.5846398567
1745.425,38.1538758579
1745.463,36.8539488591
1745.502,35.6117248604
1745.54,34.4862388616
1745.578,33.4399208628
1745.616,32.468202864
1745.655,31.5437168652
1745.693,30.7093578664
1745.732,29.9166168676
1745.77,29.2018798688
1745.809,28.5232538701
1745.847,27.9116128713
1745.885,27.3451968725
1745.923,26.8205308737
1745.965,26.285242875
1746.007,25.7927818764
1746.049,25.3392833777
1746.091,24.921155279
1746.133,24.5351097803
1746.175,24.1781101817
1746.217,23.847384883
1746.259,23.5404222843
1746.301,23.2549142857
1746.343,22.988781287
1746.427,22.5073582897
1746.511,22.0832484923
1746.594,21.7103379949
1746.671,21.3983486974
1746.748,21.1137382998
1746.825,20.8523316023
1746.902,20.6107471047
1747.056,20.1765937096
1747.209,19.7971858144
1747.363,19.4564612193
1747.516,19.1511359241
1747.67,18.871567029
1747.823,18.6171409339
1748.005,18.3402625396
1748.187,18.0873397454
1748.369,17.8549212512
1748.55,17.6414030569
1748.913,17.2575373684
1749.276,16.9219021799
1749.584,16.6675050896
1749.891,16.4368967394
1750.198,16.2256902391
1750.505,16.0311044988
1750.813,15.8503081286
1751.12,15.6826319183
1751.734,15.3789058377
1752.181,15.1799732419
1752.628,14.996578526
1753.075,14.8265027902
1753.522,14.6679029843
1754.416,14.3794153726
1755.31,14.122131841
1755.981,13.9456586422
1756.651,13.7813765534
1757.992,13.4820798859
1759.333,13.2144388084
1760.674,12.9715470308
1761.904,12.7658192798
1763.133,12.5738057987
1764.362,12.3931237977
1765.591,12.2219849766
1768.05,11.9024821444
1770.508,11.6062654323
1772.296,11.4012589789
1774.084,11.2024767455
1776.655,10.9233190869
1777.94,10.7849569876
1779.225,10.6463126884
1780.51,10.506445689
1781.795,10.3642802897
1783.08,10.2185697204
1784.365,10.0678674811
1785.595,9.9169966301
1786.824,9.757535399
1788.053,9.5864457079
1788.668,9.4952527674
1789.282,9.3996700068
1790.065,9.2699727716
1790.847,9.1298116564
1791.629,8.9763036112
1792.02,8.8934640635
1792.411,8.8058590859
1793.026,8.6568152754
1793.334,8.5761651452
1793.641,8.4911616549
1793.949,8.4006847846
1794.256,8.3046672044
1794.563,8.2020612141
1794.87,8.0919676238
1795.261,7.9391956362
1795.457,7.8565591424
1795.652,7.7698116486
1795.848,7.6776118548
1796.043,7.5803962609
1796.239,7.4766003671
1796.434,7.3666553733
1796.588,7.2746749782
1796.742,7.1777681831
1796.896,7.075584088
1797.049,6.9685460928
1797.203,6.8551093977
1797.357,6.7361491026
1797.511,6.6125892074
1797.588,6.5497408099
1797.664,6.4876244123
1797.731,6.4333548144
1797.797,6.3810165165
1797.864,6.3298965186
1797.93,6.2826473207
1797.997,6.2393266228
1798.063,6.2031038249
1798.129,6.175651527
1798.195,6.1599382291
1798.262,6.1597972312
1798.328,6.1798610333
1798.394,6.2255969354
1798.46,6.3037755375
1798.494,6.3593065386
1798.527,6.4246685396
1798.56,6.5025885407
1798.593,6.5944235417
1798.626,6.7016435427
1798.659,6.8258295438
1798.692,6.9686775448
1798.725,7.1320085459
1798.764,7.3541025471
1798.802,7.6039045483
1798.841,7.8981545496
1798.879,8.2254675508
1798.918,8.607136552
1798.956,9.0277365532
1798.995,9.5139165544
1799.033,10.0452965556
1799.072,10.6547385569
1799.11,11.3158715581
1799.149,12.0686785593
1799.187,12.8796535605
1799.226,13.7968185617
1799.264,14.778305563
1799.302,15.8515565642
1799.34,17.0215035654
1799.372,18.0852425664
1799.403,19.1869745674
1799.435,20.4003315684
1799.466,21.6517785693
1799.498,23.0242865704
1799.529,24.4340105713
1799.561,25.9736905724
1799.592,27.5485405733
1799.624,29.2613805744
1799.655,31.0060405753
1799.687,32.8956105763
1799.718,34.8121305773
1799.75,36.8790305783
1799.781,38.9664305793
1799.812,41.1365205803
1799.843,43.3877705813
1799.882,46.3321605825
1799.92,49.3167905837
1799.959,52.492650585
1799.997,55.6898005862
1800.074,62.4444805886
1800.15,69.406210591
1800.227,76.6594705934
1800.304,83.9980505959
1800.381,91.2915705983
1800.457,98.3089406007
1800.527,104.491090603
1800.597,110.289770605
1800.674,116.097090608
1800.75,121.11539061
1800.817,124.859170612
1800.855,126.671820613
1800.894,128.284500615
1800.958,130.363320617
1801.0,131.331390618
1801.013,131.566170618
1801.052,132.08487062
1801.091,132.323920621
1801.145,132.193820622
1801.202,131.482750624
1801.25,130.438450626
1801.297,129.035530627
1801.349,127.065480629
1801.401,124.683250631
1801.458,121.636300632
1801.515,118.179400634
1801.567,114.711320636
1801.619,110.985430638
1801.723,102.929510641
1801.828,94.2671506441
1801.932,85.4914606474
1802.008,79.1260906498
1802.084,72.9136206522
1802.16,66.9379506547
1802.198,64.0607206559
1802.236,61.2668106571
1802.289,57.5201406587
1802.341,54.0250906604
1802.393,50.718040662
1802.445,47.6046106637
1802.471,46.1214606645
1802.497,44.6875306653
1802.523,43.3027576662
1802.549,41.966932667
1802.575,40.6797166678
1802.601,39.4406406686
1802.627,38.2491256695
1802.653,37.1044806703
1802.68,35.9645916711
1802.706,34.912989672
1802.732,33.9056146728
1802.758,32.9414696736
1802.784,32.0194746744
1802.81,31.1385016753
1802.836,30.2973776761
1802.862,29.4948996769
1802.888,28.7298326777
1802.914,28.0009396785
1802.94,27.3069556794
1802.966,26.6465856802
1802.992,26.018575681
1803.018,25.4216456818
1803.044,24.8545336827
1803.07,24.3159816835
1803.097,23.7856256843
1803.123,23.3015106852
1803.149,22.842262686
1803.175,22.4067246868
1803.201,21.9937586876
1803.227,21.6022706885
1803.253,21.2311746893
1803.279,20.8794296901
1803.332,20.2181876918
1803.384,19.6357826934
1803.436,19.1120286951
1803.488,18.6405096967
1803.541,18.2076066984
1803.593,17.8242852
1803.645,17.4771931017
1803.697,17.1620938033
1803.749,16.875195805
1803.801,16.6131449066
1803.853,16.3730067083
1803.905,16.1521601099
1803.958,15.9445824116
1804.01,15.7560715133
1804.114,15.4173750165
1804.218,15.1207053198
1804.322,14.8575682231
1804.427,14.6193864264
1804.531,14.4058413297
1804.635,14.210838533
1804.739,14.0315701363
1804.91,13.7653334417
1805.081,13.5283947472
1805.252,13.3154793526
1805.422,13.123719658
1805.593,12.9478450634
1805.763,12.7875104688
1805.934,12.6389107742
1806.104,12.5021843796
1806.313,12.3472289862
1806.522,12.2048677928
1806.731,12.0734647994
1806.939,11.952204306
1807.356,11.7333347792
1807.773,11.5410771824
1808.115,11.3995267733
1808.456,11.2704257241
1808.798,11.1512276349
1809.139,11.0411867457
1809.822,10.8426264773
1810.504,10.6677259789
1811.339,10.4780051354
1812.173,10.3091226818
1813.008,10.1559321882
1813.842,10.0153564746
1814.677,9.884368891
1815.511,9.7612214575
1816.345,9.6442324039
1817.179,9.5321657103
1818.848,9.3186806531
1820.516,9.114408446
1821.73,8.9683730344
1823.551,8.7491889121
1824.461,8.6379744109
1825.371,8.5245388497
1826.282,8.4078260786
1827.192,8.2870098674
1828.102,8.1606759262
1829.012,8.027234365
1829.847,7.8966823415
1830.681,7.7562511879
1831.516,7.6026887143
1832.35,7.4322965408
1832.919,7.3033711988
1833.488,7.1612255268
1834.057,7.0022606148
1834.342,6.9148131038
1834.626,6.8214451728
1835.043,6.671006576
1835.252,6.5885804527
1835.46,6.5011104092
1835.669,6.4070636159
1835.877,6.3065519224
1836.086,6.1978044291
1836.294,6.0812573357
1836.437,5.9963634402
1836.579,5.9088561447
1836.721,5.8197221492
1836.863,5.7322641537
1836.935,5.690405456
1837.006,5.6522739582
1837.077,5.6188518605
1837.148,5.5921959627
1837.219,5.574946365
1837.29,5.5704562672
1837.361,5.5829293695
1837.432,5.6175728717
1837.485,5.6616396734
1837.537,5.723321975
1837.589,5.8066670767
1837.641,5.9154936783
1837.693,6.05410128
1837.745,6.2272877816
1837.797,6.4403697833
1837.849,6.6991927849
1837.902,7.0166677866
1837.928,7.1943987874
1837.954,7.3878157882
1837.98,7.5978557891
1838.006,7.8254867899
1838.032,8.0716987907
1838.058,8.3375077915
1838.084,8.6239517924
1838.11,8.9320857932
1838.136,9.262981794
1838.162,9.6177247948
1838.188,9.9974077956
1838.214,10.4031277965
1838.24,10.8359837973
1838.266,11.2970687981
1838.307,12.0841427994
1838.347,12.9262478007
1838.388,13.869427802
1838.428,14.8712898032
1838.469,15.9853998045
1838.509,17.1604468058
1838.549,18.4251538071
1838.589,19.7816668083
1838.63,21.2691148096
1838.67,22.8160438109
1838.71,24.4580118122
1838.75,26.1947718134
1838.791,28.0722818147
1838.831,29.997081816
1838.871,32.0111818173
1838.911,34.1109818185
1838.959,36.73752182
1839.006,39.4135118215
1839.054,42.2415118231
1839.101,45.0909118245
1839.196,51.0321518275
1839.291,57.0985318306
1839.386,63.1281518336
1839.48,68.8832218365
1839.551,72.9807618388
1839.622,76.777901841
1839.674,79.3252918427
1839.726,81.6443218443
1839.788,84.0761018463
1839.84,85.8102618479
1839.881,86.9677518492
1839.91,87.6700318502
1839.943,88.3484918512
1839.992,89.1133918528
1840.0,89.210361853
1840.009,89.3100018533
1840.036,89.5487418542
1840.062,89.693001855
1840.11,89.7383418565
1840.158,89.498541858
1840.209,88.9364718596
1840.25,88.2609318609
1840.291,87.3928518622
1840.339,86.1423318638
1840.386,84.6865318652
1840.451,82.3257418673
1840.515,79.6488518693
1840.61,75.1372418723
1840.704,70.1911818753
1840.799,64.8802118783
1840.893,59.4832818813
1840.979,54.552771884
1841.065,49.7353818867
1841.108,47.3968118881
1841.151,45.1175618895
1841.194,42.9056418908
1841.237,40.7678718922
1841.285,38.4760918937
1841.332,36.3345238952
1841.38,34.2566358967
1841.427,32.3319808982
1841.475,30.4803088997
1841.522,28.7791289012
1841.546,27.952938902
1841.57,27.1552299027
1841.594,26.3857469035
1841.617,25.6745069042
1841.658,24.4691409055
1841.699,23.3419259068
1841.74,22.2903399081
1841.781,21.3115669094
1841.822,20.4025379107
1841.863,19.560036912
1841.904,18.7806849133
1841.944,18.0779319146
1841.985,17.4132219159
1842.026,16.8013609172
1842.067,16.2389269185
1842.107,15.7345959197
1842.148,15.259937921
1842.189,14.8249309223
1842.23,14.4265129236
1842.27,14.0702779249
1842.318,13.6814835264
1842.365,13.3378947279
1842.413,13.0210730294
1842.46,12.7407745309
1842.508,12.4818294324
1842.555,12.2521660339
1842.602,12.0435512354
1842.649,11.8536401369
1842.697,11.6768436384
1842.744,11.5186078399
1842.839,11.2370288429
1842.934,10.9972946459
1843.028,10.7923680489
1843.11,10.6344683515
1843.192,10.4922823541
1843.274,10.3630470567
1843.355,10.2459368593
1843.519,10.0344637645
1843.682,9.8505634696
1843.846,9.6855952748
1844.009,9.53734938
1844.173,9.4010392852
1844.336,9.2761700903
1844.526,9.1418068964
1844.715,9.0182296023
1845.094,8.7947476143
1845.473,8.5964335963
1845.851,8.4173751083
1846.264,8.2377880414
1846.677,8.0707287045
1847.09,7.9128864576
1847.503,7.7616687606
1847.951,7.6026699148
1848.398,7.447034229
1848.846,7.2920648332
1849.293,7.1366195773
1849.741,6.9782154015
1850.188,6.8157372757
1850.635,6.6468950898
1851.082,6.469534504
1851.496,6.2955142171
1851.909,6.1102105302
1852.116,6.0121035367
1852.322,5.9105050433
1852.529,5.8040086498
1852.735,5.6931947563
1852.925,5.5863006623
1853.114,5.4751068683
1853.304,5.3580444743
1853.493,5.2359980803
1853.683,5.1074292863
1853.872,4.9737534923
1854.061,4.8350835983
1854.156,4.7641425013
1854.25,4.6938055043
1854.379,4.5986715084
1854.508,4.5085134125
1854.573,4.4667498145
1854.637,4.4293708166
1854.702,4.3965887186
1854.766,4.3711179206
1854.831,4.3543425227
1854.895,4.3494367247
1854.96,4.3595944268
1855.024,4.3885167288
1855.089,4.4420848309
1855.153,4.5245263329
1855.218,4.645578335
1855.282,4.809822337
1855.33,4.9680993385
1855.377,5.15712434
1855.425,5.3899853415
1855.472,5.662399343
1855.496,5.8203323438
1855.52,5.9920803445
1855.544,6.1785123453
1855.567,6.371791346
1855.591,6.5896323468
1855.614,6.8147733475
1855.638,7.0677693483
1855.661,7.328490349
1855.685,7.6206523498
1855.709,7.9344443505
1855.733,8.2710113513
1855.756,8.616018352
1855.78,9.0006273528
1855.803,9.3939143535
1855.827,9.8312903542
1855.85,10.277478355
1855.874,10.7725313557
1855.898,11.2989743565
1855.922,11.8581403573
1855.945,12.425954358
1855.969,13.0530913587
1855.992,13.6885213595
1856.016,14.3888003602
1856.039,15.096792361
1856.072,16.178036362
1856.104,17.303036363
1856.137,18.5453183641
1856.169,19.8325693651
1856.202,21.2481923661
1856.234,22.7090613671
1856.266,24.2591123681
1856.298,25.9005323692
1856.331,27.6909323702
1856.363,29.5234623712
1856.395,31.4521723722
1856.427,33.4779923732
1856.46,35.6693523743
1856.492,37.8935623753
1856.524,40.2151323763
1856.556,42.6331923773
1856.595,45.7087123786
1856.634,48.9220423798
1856.673,52.268422381
1856.711,55.6512623822
1856.75,59.2414523835
1856.789,62.9429723847
1856.866,70.5380123872
1856.922,76.2575523889
1856.978,82.0957623907
1857.09,93.9372523942
1857.185,103.891132397
1857.279,113.3633924
1857.327,117.962852402
1857.374,122.262442403
1857.421,126.324922405
1857.468,130.116622406
1857.511,133.321232408
1857.554,136.249652409
1857.606,139.392302411
1857.653,141.831572412
1857.705,144.060732414
1857.746,145.456132415
1857.787,146.522842416
1857.8,146.791402417
1857.814,147.042802417
1857.859,147.583962419
1857.903,147.71820242
1857.96,147.314142422
1858.03,145.942252424
1858.086,144.174382426
1858.141,141.887972428
1858.197,139.035362429
1858.252,135.759022431
1858.332,130.247532434
1858.412,123.989512436
1858.468,119.251842438
1858.523,114.37601244
1858.633,104.179392443
1858.743,93.7341924466
1858.853,83.4150424501
1858.901,79.0339524516
1858.949,74.7593124531
1858.997,70.6102124546
1859.044,66.6849124561
1859.092,62.8297224577
1859.14,59.1405824592
1859.188,55.6258024607
1859.235,52.3588324622
1859.263,50.4961224631
1859.291,48.696312464
1859.319,46.9595524648
1859.346,45.3444254657
1859.374,43.7310444666
1859.401,42.2342084674
1859.429,40.7423974683
1859.456,39.3614144692
1859.484,37.9880584701
1859.512,36.673466471
1859.54,35.4164224718
1859.567,34.2575614727
1859.595,33.1096634736
1859.622,32.0533524744
1859.65,31.0088844753
1859.677,30.0493904762
1859.718,28.6784974775
1859.758,27.4366464787
1859.798,26.28416948
1859.838,25.2160474813
1859.878,24.2272574825
1859.918,23.3128764838
1859.958,22.4680414851
1859.998,21.6880484863
1860.039,20.9510594876
1860.079,20.2885594889
1860.119,19.6776374902
1860.159,19.1143284914
1860.199,18.5948554927
1860.239,18.115654494
1860.279,17.6734064952
1860.319,17.2649824965
1860.375,16.7445234983
1860.43,16.2853555
1860.485,15.8714805017
1860.54,15.4974087035
1860.596,15.1523914053
1860.651,14.844387907
1860.706,14.5631644087
1860.761,14.3054149105
1860.817,14.0641479123
1860.872,13.845434814
1860.982,13.4538863175
1861.093,13.109373321
1861.203,12.8076196245
1861.334,12.4890977286
1861.464,12.2080846327
1861.595,11.9534023369
1861.725,11.723981641
1861.856,11.5125001452
1861.986,11.3193400493
1862.117,11.1392402534
1862.247,10.9731091575
1862.468,10.7154003645
1862.689,10.4839734715
1862.91,10.2743884785
1863.13,10.0840477855
1863.351,9.9084949925
1863.572,9.7464260995
1863.793,9.5960358065
1864.013,9.4564431135
1864.295,9.2903215224
1864.576,9.1371557313
1864.857,8.9946004402
1865.138,8.8612254491
1865.7,8.6174369169
1866.262,8.3983246847
1866.704,8.2397802787
1867.146,8.0911803327
1867.588,7.9509378367
1868.029,7.8180504007
1868.912,7.5690047786
1869.795,7.3374305366
1870.518,7.1573980595
1871.24,6.9839620524
1871.963,6.8150292053
1872.685,6.6497899781
1873.569,6.4505952761
1874.452,6.2534613241
1875.335,6.056699552
1876.218,5.85903709
1877.102,5.659095808
1877.985,5.456272856
1878.868,5.2493435539
1879.751,5.0373489719
1880.595,4.8291155286
1881.438,4.6148389753
1882.282,4.3931984921
1883.125,4.1639127388
1883.969,3.9256361255
1884.812,3.6781738722
1885.655,3.4205863989
1886.498,3.1522740255
1886.94,3.0071105395
1887.381,2.8591433535
1887.823,2.7077155675
1888.264,2.5535820815
1888.706,2.3961757955
1889.147,2.2364189095
1889.589,2.0739131235
1890.03,1.9098787374
1890.432,1.7592854502
1890.833,1.6088105629
1891.235,1.4587210756
1891.636,1.3111527883
1892.038,1.167289401
1892.439,1.0305162137
1892.64,0.9656144201
1892.841,0.9039349265
1893.042,0.8462132328
1893.242,0.7935869392
1893.443,0.7466037455
1893.644,0.7068581519
1893.845,0.6759770583
1893.945,0.6645253614
1894.045,0.6560562646
1894.146,0.6508678678
1894.246,0.6494408709
1894.347,0.6521812741
1894.447,0.6595238773
1894.548,0.6721835805
1894.648,0.6905558837
1894.748,0.7154820868
1894.848,0.74782599
1894.929,0.7801559926
1895.04,0.8346148961
1895.15,0.9019305996
1895.206,0.9420397013
1895.261,0.9857232031
1895.316,1.0340515048
1895.371,1.0874665066
1895.427,1.1475971083
1895.482,1.2128761101
1895.537,1.2849791118
1895.592,1.3646565136
1895.647,1.4527717153
1895.702,1.550320317
1895.757,1.6584533188
1895.812,1.7785036205
1895.86,1.894216522
1895.908,2.0213592236
1895.956,2.1612749251
1896.003,2.3121246266
1896.051,2.4820356281
1896.099,2.6699296296
1896.147,2.8780516311
1896.194,3.1038886326
1896.242,3.3598826341
1896.29,3.6447296357
1896.338,3.9621036372
1896.385,4.3083566387
1896.409,4.5001066394
1896.433,4.7027746402
1896.457,4.9170276409
1896.48,5.1338736417
1896.504,5.3728806424
1896.528,5.6256626432
1896.552,5.893039644
1896.575,6.1637716447
1896.603,6.5136786456
1896.631,6.8873296465
1896.659,7.2863276473
1896.686,7.6966656482
1896.714,8.1504696491
1896.741,8.6170586499
1896.769,9.1329036508
1896.796,9.6630666517
1896.824,10.2489126526
1896.852,10.8736866535
1896.88,11.5397406543
1896.907,12.2233906552
1896.935,12.9777396561
1896.962,13.7513446569
1896.99,14.6041336578
1897.017,15.4778086587
1897.045,16.4398606596
1897.073,17.4619046605
1897.101,18.5469496613
1897.128,19.6558246622
1897.156,20.8737166631
1897.183,22.1165926639
1897.211,23.4796716648
1897.238,24.8685896657
1897.266,26.3894086666
1897.294,27.9953956675
1897.322,29.6898006683
1897.349,31.4104606692
1897.377,33.2879096701
1897.404,35.1909496709
1897.432,37.2634636718
1897.459,39.3601606727
1897.487,41.6390596736
1897.515,44.0270596745
1897.543,46.5266416753
1897.57,49.0448116762
1897.598,51.7701216771
1897.625,54.5096416779
1897.653,57.4678406788
1897.68,60.4346336797
1897.735,66.8285636814
1897.79,73.6951636832
1897.845,81.0324036849
1897.9,88.8317936867
1897.966,98.7786836887
1898.031,109.162883691
1898.096,120.074973693
1898.161,131.443323695
1898.271,151.466753698
1898.381,172.008563702
1898.492,192.608953705
1898.602,212.163783709
1898.683,225.564853711
1898.763,237.631493714
1898.818,245.104413716
1898.873,251.806873717
1898.928,257.659943719
1898.983,262.593373721
1899.048,267.156453723
1899.112,270.236263725
1899.162,271.632053727
1899.212,272.125353728
1899.251,271.879963729
1899.29,271.083763731
1899.367,267.917923733
1899.434,263.494923735
1899.501,257.604233737
1899.568,250.35302374
1899.634,242.005413742
1899.701,232.453923744
1899.767,222.139593746
1899.865,205.518423749
1899.962,188.009353752
1900.23,138.35951376
1900.297,126.442053763
1900.364,114.959683765
1900.431,104.000153767
1900.497,93.7829837689
1900.564,84.049513771
1900.598,79.3678237721
1900.631,74.9937537731
1900.665,70.6640937742
1900.698,66.6345137753
1900.732,62.6609237763
1900.765,58.9764637774
1900.799,55.3564437785
1900.832,52.0118457795
1900.866,48.7373297806
1900.899,45.7224587816
1900.933,42.7808367827
1900.966,40.0815817838
1900.999,37.5316547848
1901.032,35.1265967858
1901.057,33.3981857866
1901.081,31.8126677874
1901.106,30.2358327882
1901.13,28.7918277889
1901.155,27.3581697897
1901.179,26.0475067905
1901.203,24.7991377913
1901.227,23.611079792
1901.252,22.4355107928
1901.276,21.3644387936
1901.3,20.3476787943
1901.324,19.3833187951
1901.349,18.4324157959
1901.373,17.5691147966
1901.397,16.7525197974
1901.421,15.9808067982
1901.443,15.3113497989
1901.464,14.7049137995
1901.485,14.1291818002
1901.506,13.5830648009
1901.528,13.0415408016
1901.549,12.5527658022
1901.57,12.0904578029
1901.591,11.6536448035
1901.613,11.2223558042
1901.634,10.8348558049
1901.655,10.4700938056
1901.676,10.1272288062
1901.698,9.7906408069
1901.719,9.4901258076
1901.74,9.2091428083
1901.761,8.9469868089
1901.78,8.7254478095
1901.798,8.5288358101
1901.834,8.1727518112
1901.853,8.0039828118
1901.871,7.8558318124
1901.907,7.5924608136
1901.944,7.3654288147
1901.98,7.1847698159
1902.017,7.038368817
1902.053,6.9323758182
1902.087,6.8638978193
1902.12,6.8257448203
1902.154,6.8146798214
1902.187,6.8305988224
1902.221,6.8738248235
1902.254,6.9413278245
1902.287,7.0336408256
1902.32,7.1505288266
1902.354,7.2965368277
1902.387,7.4630648288
1902.421,7.6603198298
1902.454,7.8769128309
1902.488,8.126312832
1902.521,8.394284833
1902.554,8.688312834
1902.587,9.0090348351
1902.613,9.2810068359
1902.639,9.5704178367
1902.665,9.8777168376
1902.691,10.2033968384
1902.717,10.5479938392
1902.743,10.91208784
1902.769,11.2963008409
1902.794,11.6853328416
1902.82,12.1109998425
1902.846,12.5589018433
1902.872,13.0298548441
1902.898,13.5247168449
1902.924,14.0443978458
1902.95,14.5898688466
1902.976,15.1621568474
1903.001,15.7387048482
1903.041,16.7173698495
1903.08,17.7418268507
1903.12,18.869281852
1903.159,20.0482118532
1903.199,21.3444808545
1903.238,22.6988568557
1903.277,24.1485038569
1903.316,25.6996928582
1903.35,27.1400418593
1903.383,28.6210868603
1903.417,30.2373788614
1903.45,31.8987078624
1903.484,33.7110418635
1903.517,35.5731008645
1903.551,37.6035318656
1903.584,39.6887258667
1903.618,41.9613508677
1903.651,44.2940318688
1903.685,46.8349628699
1903.718,49.4414428709
1903.752,52.278729872
1903.785,55.187138873
1903.818,58.2551388741
1903.851,61.4901508751
1903.885,65.0058908762
1903.918,68.6034938772
1903.952,72.5094028783
1903.985,76.5020398794
1904.019,80.8319618804
1904.052,85.2527908815
1904.086,90.0411038826
1904.119,94.9235238836
1904.153,100.204513885
1904.186,105.581513886
1904.22,111.388663887
1904.253,117.292093888
1904.287,123.657313889
1904.32,130.11709389
1904.353,136.860903891
1904.386,143.895043892
1904.441,156.278443894
1904.496,169.505603896
1904.551,183.593783897
1904.605,198.273853899
1904.66,214.093463901
1904.714,230.473643902
1904.769,248.008753904
1904.823,266.040153906
1904.89,289.488423908
1904.957,314.05308391
1905.024,339.630043912
1905.091,366.089533914
1905.225,421.010813919
1905.358,476.863623923
1905.498,535.079743927
1905.568,563.233643929
1905.638,590.331963932
1905.695,611.398173934
1905.751,631.045313935
1905.807,649.496733937
1905.863,666.604843939
1905.92,682.496603941
1905.976,696.486253942
1906.032,708.754143944
1906.088,719.203323946
1906.144,727.754203948
1906.2,734.34518395
1906.275,740.031833952
1906.336,741.976943954
1906.397,741.523773956
1906.458,738.707113958
1906.519,733.58859396
1906.58,726.255333962
1906.641,716.817803963
1906.702,705.407593965
1906.763,692.174063967
1906.869,665.335983971
1906.974,634.743853974
1907.079,601.133813977
1907.184,565.477583981
1907.396,490.974123987
1907.502,454.107223991
1907.607,418.726293994
1907.66,401.459843996
1907.713,384.660903997
1907.766,368.371743999
1907.818,352.918694001
1907.871,337.733714002
1907.923,323.408734004
1907.976,309.405684006
1908.028,296.259834007
1908.081,283.467194009
1908.134,271.283024011
1908.187,259.699864012
1908.24,248.706484014
1908.293,238.288502016
1908.346,228.428731017
1908.399,219.108206019
1908.451,210.467570021
1908.504,202.152893022
1908.557,194.312394024
1908.61,186.922943026
1908.662,180.088621028
1908.715,173.523868029
1908.768,167.340935031
1908.821,161.517384033
1908.873,156.132130034
1908.926,150.957268036
1908.979,146.079321037
1909.032,141.479142039
1909.084,137.217962041
1909.137,133.114944042
1909.19,129.238234044
1909.243,125.572384046
1909.295,122.166944048
1909.348,118.877768049
1909.401,115.759527051
1909.454,112.800729053
1909.506,110.042331054
1909.559,107.368333056
1909.611,104.870773058
1909.716,100.175304061
1909.793,96.9997840633
1909.87,94.0276260657
1909.947,91.2405700682
1910.023,88.6553000706
1910.1,86.189400073
1910.177,83.8649310755
1910.254,81.6702460779
1910.33,79.6211240803
1910.407,77.6543660827
1910.484,75.7892450852
1910.561,74.0181520876
1910.637,72.35554209
1910.714,70.7514780925
1910.791,69.2227520949
1910.944,66.3888630998
1911.05,64.5694541031
1911.155,62.8718341064
1911.261,61.2548061098
1911.366,59.7410651131
1911.472,58.2947151165
1911.577,56.9367751198
1911.683,55.6356811232
1911.788,54.4108881265
1911.894,53.2344269298
1911.999,52.1243032332
1912.105,51.0555552365
1912.21,50.0448717398
1912.421,48.1459073465
1912.631,46.4129928532
1912.862,44.6656392605
1913.092,43.0712192678
1913.322,41.6044723751
1913.552,40.2506670823
1913.782,38.9972067896
1914.012,37.8332415969
1914.242,36.7493448042
1914.472,35.7373525115
1914.683,34.8660820182
1914.894,34.0444674248
1915.105,33.2682110315
1915.316,32.5335045382
1915.527,31.8369566449
1915.738,31.1755101516
1915.949,30.5464202583
1916.16,29.9471925649
1916.582,28.8295013783
1917.004,27.8066076917
1917.426,26.865206905
1917.848,25.9939997184
1918.27,25.1832589317
1918.692,24.4244902451
1919.114,23.7100877585
1919.536,23.0331544719
1919.958,22.3871774852
1920.38,21.7658116986
1920.802,21.1625960119
1921.224,20.5705937253
1921.474,20.2219902332
1921.723,19.8740393411
1921.973,19.521768049
1922.222,19.1654236569
1922.472,18.7990681648
1922.721,18.4222070727
1922.846,18.2274324767
1922.97,18.0301211806
1923.095,17.8270541846
1923.219,17.6219749885
1923.334,17.4296636921
1923.449,17.2374746958
1923.564,17.0490499994
1923.622,16.9572166012
1923.679,16.8703325031
1923.737,16.7866254049
1923.794,16.7104591067
1923.852,16.6410400085
1923.909,16.5828894103
1923.967,16.5365758122
1924.024,16.506681514
1924.082,16.4956747158
1924.139,16.5079203176
1924.19,16.5418904192
1924.24,16.5998585208
1924.291,16.6880405224
1924.341,16.807108524
1924.392,16.9664355256
1924.442,17.1646285272
1924.492,17.4095175288
1924.542,17.7064945304
1924.568,17.8833785312
1924.593,18.068938532
1924.618,18.2704355328
1924.643,18.4886105336
1924.669,18.7340085344
1924.694,18.9885655352
1924.719,19.262108536
1924.744,19.5554055368
1924.77,19.8822085376
1924.795,20.2181665384
1924.82,20.5761675392
1924.845,20.95693954
1924.87,21.3611955408
1924.895,21.7896325416
1924.92,22.2429125424
1924.945,22.7216745431
1924.972,23.268061544
1924.998,23.8236255448
1925.025,24.4317435457
1925.051,25.0479155465
1925.104,26.3987465482
1925.156,27.8500215498
1925.209,29.4592385515
1925.262,31.1999345532
1925.315,33.0706045549
1925.367,35.0290845565
1925.42,37.1454645582
1925.473,39.3758945599
1925.526,41.7108445615
1925.578,44.0920545632
1925.684,49.1663945666
1925.789,54.3713845699
1925.895,59.6449145732
1925.948,62.2324145749
1926.001,64.7551945766
1926.073,68.0350645789
1926.144,71.0496845811
1926.221,74.0077245836
1926.292,76.3933245858
1926.345,77.9322145875
1926.386,78.9691045888
1926.412,79.5539445896
1926.438,80.0806245904
1926.47,80.6471845914
1926.5,81.0948845924
1926.512,81.2510445928
1926.556,81.7102545942
1926.602,81.9981645956
1926.649,82.0886145971
1926.694,81.9832445985
1926.77,81.3872146009
1926.816,80.7796146024
1926.862,79.9944846039
1926.912,78.9500746054
1926.962,77.719514607
1927.055,74.98712461
1927.147,71.8060246129
1927.24,68.2223446158
1927.332,64.4300646187
1927.483,57.9688846235
1927.558,54.7685146259
1927.633,51.6384946283
1927.68,49.7309346298
1927.726,47.9139646312
1927.772,46.1532766327
1927.818,44.4545306341
1927.865,42.7876646356
1927.911,41.2273016371
1927.957,39.7398886385
1928.003,38.32720764
1928.039,37.2743776411
1928.075,36.2680236423
1928.111,35.3079986434
1928.146,34.4186756445
1928.182,33.5486476457
1928.217,32.7455106468
1928.253,31.9623996479
1928.288,31.241785649
1928.324,30.5412656502
1928.359,29.8984726513
1928.395,29.2752816524
1928.43,28.7048696535
1928.466,28.1531186547
1928.501,27.6491796558
1928.537,27.1626656569
1928.572,26.719066658
1928.619,26.1663526595
1928.665,25.669939661
1928.711,25.2143026624
1928.757,24.7962686639
1928.804,24.4048155654
1928.85,24.0536479668
1928.896,23.7313302683
1928.942,23.4352870697
1928.989,23.1574232712
1929.035,22.9072920727
1929.081,22.6766620741
1929.127,22.4636338756
1929.173,22.266449177
1929.219,22.0835457785
1929.311,21.7548943814
1929.391,21.5031392839
1929.471,21.2773929865
1929.551,21.073233389
1929.63,20.8892841915
1929.71,20.718007394
1929.789,20.5613541965
1929.948,20.2765216016
1930.108,20.0220898067
1930.267,19.7938126117
1930.426,19.5850091167
1930.585,19.3921976218
1930.82,19.1312556292
1931.055,18.8938803366
1931.29,18.6758822441
1931.525,18.4741208515
1931.995,18.1101392664
1932.464,17.7885721513
1932.934,17.4987464961
1933.404,17.234979931
1933.874,16.9926428559
1934.343,16.7687061708
1934.813,16.5595030956
1935.282,16.3637490705
1936.221,16.0044343902
1937.027,15.7248136258
1937.832,15.4674568212
1938.637,15.2286583067
1939.442,15.0058018822
1941.052,14.6002620332
1942.662,14.2385651642
1944.138,13.937147271
1945.614,13.6600569777
1947.09,13.4036104845
1948.566,13.1648125812
1950.042,12.941231678
1951.518,12.7308658047
1954.47,12.3433838082
1956.617,12.0845936862
1958.764,11.8415864142
1960.911,11.6120673421
1963.058,11.3935002801
1965.205,11.1837152181
1967.352,10.9814055061
1969.499,10.7851037041
1971.646,10.5934258421
1973.793,10.4050913901
1977.282,10.1029849206
1980.771,9.8011593011
1982.516,9.6484897964
1984.26,9.4937011616
1986.005,9.3357129269
1987.749,9.1736826121
1990.22,8.9346745504
1992.69,8.6808587685
1993.926,8.5465920251
1995.161,8.4065798964
1996.396,8.2595903268
1997.631,8.1041929912
1998.816,7.9458228469
2000.0,7.7768276527
2001.297,7.5767547756
2001.946,7.469680502
2002.594,7.3574143485
2003.243,7.2389533049
2003.891,7.1139038214
2004.539,6.9811981379
2005.187,6.8397353844
2005.866,6.6806137574
2006.545,6.5084868604
2007.224,6.3210716734
2007.564,6.2206109948
2007.903,6.1154977564
2008.212,6.0149745013
2008.521,5.9095329663
2008.83,5.7987122312
2009.138,5.6823779963
2009.447,5.5591887613
2009.756,5.4288440262
2010.065,5.2905887912
2010.373,5.1440625562
2010.713,4.9710767177
2010.883,4.8797549984
2011.052,4.7855504793
2011.222,4.68718456
2011.392,4.5850621407
2011.562,4.4790860214
2011.731,4.3699322023
2011.901,4.256552583
2012.071,4.1402929637
2012.241,4.0227799444
2012.326,3.9645125348
2012.41,3.9080816252
2012.495,3.8530887156
2012.58,3.801524306
2012.665,3.7551766963
2012.75,3.7164506867
2012.835,3.688549377
2012.92,3.6756873674
2013.005,3.6833465578
2013.089,3.7179523482
2013.151,3.7657034412
2013.213,3.8369251342
2013.275,3.9364957272
2013.336,4.0676127202
2013.398,4.2409767132
2013.429,4.3450767097
2013.46,4.4621167062
2013.491,4.5931727027
2013.522,4.7393786991
2013.553,4.9019326956
2013.583,5.0759966922
2013.614,5.2744626887
2013.645,5.4932036852
2013.676,5.7336666817
2013.707,5.9973566782
2013.738,6.2858376746
2013.769,6.6007276711
2013.8,6.9436966676
2013.83,7.3039536642
2013.861,7.7072256607
2013.892,8.1437906572
2013.923,8.6154696537
2013.954,9.1241116502
2013.985,9.6715776466
2014.016,10.2597346431
2014.047,10.8904446396
2014.077,11.5430686362
2014.116,12.4563566318
2014.155,13.4462466274
2014.194,14.5161366229
2014.232,15.6386106186
2014.271,16.8756736142
2014.309,18.1664516099
2014.348,19.5812186055
2014.386,21.0493406012
2014.425,22.6496345967
2014.464,24.3457945923
2014.503,26.1383845879
2014.541,27.9777745836
2014.58,29.9601445792
2014.618,31.9826245748
2014.657,34.1497045704
2014.695,36.3476345661
2014.73,38.4447145621
2014.765,40.6082745582
2014.834,45.0538345504
2014.904,49.7781545424
2014.973,54.6036645346
2015.105,64.1137245196
2015.236,73.5583145048
2015.321,79.4671544951
2015.405,84.9791444856
2015.464,88.5847144789
2015.522,91.8663644723
2015.606,96.0769944628
2015.686,99.4037244537
2015.733,101.014974448
2015.779,102.330584443
2015.835,103.569714437
2015.9,104.49451443
2015.912,104.604114428
2015.951,104.828214424
2015.99,104.850754419
2016.05,104.496454412
2016.108,103.717224406
2016.186,102.026754397
2016.244,100.32659439
2016.302,98.2852643839
2016.36,95.9416943773
2016.418,93.3395443707
2016.523,88.1269243588
2016.628,82.5310443469
2016.744,76.2931743337
2016.802,73.2843643272
2016.86,70.4201743206
2016.91,68.1061043149
2016.96,65.9681643092
2017.01,64.0353443036
2017.06,62.3344242979
2017.11,60.8897742922
2017.16,59.7231642866
2017.21,58.8534642809
2017.259,58.3045742753
2017.301,58.0824142706
2017.359,58.163514264
2017.388,58.3756642607
2017.417,58.7032042574
2017.446,59.1464042541
2017.475,59.7051042508
2017.533,61.1663642443
2017.591,63.0776442377
2017.649,65.4230742311
2017.707,68.1803542245
2017.765,71.320874218
2017.828,75.1258242108
2017.891,79.2899042037
2017.954,83.7537641965
2018.017,88.4515641894
2018.102,95.0336141797
2018.192,102.11654417
2018.281,109.012124159
2018.339,113.339224153
2018.396,117.393074146
2018.48,122.889734137
2018.538,126.27608413
2018.596,129.271034124
2018.654,131.830944117
2018.718,134.10635411
2018.759,135.243044105
2018.8,136.119164101
2018.814,136.357504099
2018.859,136.910854094
2018.904,137.136804089
2018.968,136.892114081
2019.03,136.027234075
2019.084,134.782874068
2019.138,133.098504062
2019.201,130.606464055
2019.263,127.639284048
2019.326,124.150074041
2019.388,120.303074034
2019.451,116.033124027
2019.513,111.53624402
2019.638,101.830254005
2019.764,91.5946539913
2019.827,86.4531739841
2019.889,81.4462839771
2019.943,77.163003971
2019.997,72.9791539648
2020.051,68.9172939587
2020.105,64.9966339526
2020.159,61.2330339465
2020.213,57.6391139403
2020.267,54.2243439342
2020.321,50.9952239281
2020.353,49.1708909245
2020.384,47.4673719209
2020.415,45.8266889174
2020.446,44.2486749139
2020.478,42.6850469103
2020.509,41.2329109068
2020.54,39.8415809032
2020.571,38.5100938997
2020.603,37.1972318961
2020.634,35.9837418926
2020.665,34.8262788891
2020.696,33.7233468856
2020.728,32.6403578819
2020.759,31.6433228784
2020.79,30.6958318749
2020.821,29.7961348714
2020.867,28.5453608662
2020.912,27.4141418611
2020.958,26.3463948558
2021.003,25.3829178507
2021.049,24.4752248455
2021.094,23.6574018404
2021.14,22.8877518352
2021.185,22.1947398301
2021.231,21.5426698249
2021.276,20.9553808198
2021.322,20.4023868146
2021.367,19.9037418095
2021.413,19.4334568042
2021.458,19.0085287991
2021.504,18.6067597939
2021.549,18.2427017888
2021.612,17.7760978817
2021.674,17.3602957746
2021.737,16.9761971675
2021.799,16.6311511605
2021.862,16.3097208533
2021.924,16.0184668463
2021.987,15.7447730392
2022.049,15.4946234321
2022.174,15.0391539179
2022.299,14.6370125038
2022.424,14.2771840896
2022.549,13.9515615754
2022.731,13.5265156548
2022.913,13.1481020341
2023.095,12.8070781135
2023.277,12.4968018929
2023.459,12.2123018722
2023.641,11.9497142516
2023.823,11.7059729309
2024.004,11.4797763104
2024.255,11.1891073819
2024.505,10.9222844536
2024.755,10.6746361252
2025.005,10.4433605969
2025.255,10.2261526685
2025.505,10.0210814402
2025.755,9.8265451118
2026.005,9.6411659835
2026.392,9.3695536396
2026.778,9.1140693958
2027.165,8.8704048519
2027.551,8.6373645081
2027.938,8.4116847643
2028.324,8.1927836205
2028.711,7.9780009766
2029.097,7.7670957328
2029.598,7.496311576
2030.098,7.2271730193
2030.599,6.9563706625
2031.099,6.6828827058
2031.6,6.403577749
2032.1,6.1175678923
2032.6,5.8223068356
2033.1,5.5157659789
2033.373,5.3428924479
2033.646,5.1656944169
2033.919,4.983832186
2034.191,4.7976707551
2034.464,4.6055336242
2034.737,4.4078194932
2035.01,4.2043036622
2035.282,3.9956153314
2035.533,3.7977668029
2035.783,3.5957687746
2036.033,3.3891090462
2036.283,3.1782987179
2036.533,2.9641999895
2036.783,2.7481873612
2037.033,2.5323881328
2037.283,2.3200509045
2037.477,2.1607360825
2037.67,2.0105449606
2037.864,1.8726362386
2037.961,1.8106012276
2038.057,1.7551327167
2038.154,1.7064073057
2038.251,1.6666778947
2038.348,1.6379684837
2038.444,1.6228665728
2038.541,1.6241623618
2038.589,1.6321266564
2038.637,1.6456749509
2038.686,1.6659249454
2038.734,1.6927780399
2038.782,1.7273882345
2038.83,1.770665929
2038.904,1.8567862206
2038.941,1.9098451164
2038.978,1.9703940122
2039.015,2.039126308
2039.052,2.1168048038
2039.089,2.2042667996
2039.126,2.3024307955
2039.163,2.4123057913
2039.2,2.5349977871
2039.237,2.6717167829
2039.274,2.8237917787
2039.311,2.9926737745
2039.348,3.1799527703
2039.385,3.3873597661
2039.421,3.610282762
2039.453,3.8274687584
2039.484,4.0563607549
2039.515,4.3048727513
2039.546,4.5745127478
2039.578,4.8767217442
2039.609,5.1943837407
2039.64,5.5384117372
2039.671,5.9107717336
2039.703,6.32708573
2039.734,6.7636247265
2039.765,7.235270723
2039.796,7.7445367195
2039.828,8.3125217158
2039.859,8.9066217123
2039.89,9.5469037088
2039.921,10.2365087053
2039.953,11.0036017017
2039.984,11.8038066982
2040.016,12.6926536945
2040.047,13.618512691
2040.079,14.6453786874
2040.11,15.7133576839
2040.141,16.8577236803
2040.172,18.0829596768
2040.204,19.4374796732
2040.235,20.8415146697
2040.266,22.3409436662
2040.297,23.9407956627
2040.329,25.703102659
2040.36,27.5231316555
2040.391,29.459583652
2040.422,31.5179206485
2040.456,33.9220986446
2040.49,36.4867776408
2040.524,39.2192316369
2040.558,42.1267446331
2040.592,45.2164606292
2040.626,48.4954516253
2040.66,51.9705626215
2040.694,55.6484256176
2040.726,59.300834614
2040.757,63.0204466105
2040.788,66.922814607
2040.819,71.0118566035
2040.851,75.4323695998
2040.882,79.9112715963
2040.913,84.5863115928
2040.944,89.4596015893
2040.976,94.6997715857
2041.007,99.9803415821
2041.069,111.144991575
2041.132,123.308001568
2041.194,136.065431561
2041.257,149.796671554
2041.32,164.254741547
2041.383,179.376571539
2041.445,194.829371533
2041.57,227.319721518
2041.695,260.803291504
2041.82,294.14975149
2041.883,310.503531483
2041.945,326.080161476
2042.014,342.609201468
2042.082,357.85643146
2042.158,373.417801452
2042.233,386.990471443
2042.291,396.123271436
2042.348,403.84046143
2042.405,410.235271424
2042.462,415.247951417
2042.5,417.799301413
2042.539,419.748781408
2042.601,421.439481401
2042.663,421.398671394
2042.725,419.644951387
2042.787,416.22064138
2042.842,411.835541374
2042.897,406.244101368
2042.952,399.515971362
2043.006,391.881541355
2043.061,383.145271349
2043.116,373.534651343
2043.225,352.305091331
2043.334,328.863421318
2043.443,304.038811306
2043.543,280.725751295
2043.642,257.702451283
2043.742,234.983851272
2043.792,223.954831266
2043.841,213.415671261
2043.896,201.945521254
2043.951,190.893991248
2044.006,180.293361242
2044.06,170.347601236
2044.115,160.70531123
2044.169,151.727526224
2044.224,143.085820217
2044.278,135.093698211
2044.311,130.447491207
2044.343,126.112305204
2044.376,121.8147782
2044.408,117.812486196
2044.441,113.852109193
2044.473,110.170228189
2044.505,106.640701185
2044.537,103.259637182
2044.57,99.9241231781
2044.602,96.8319671744
2044.634,93.8755061708
2044.666,91.0502551672
2044.699,88.2693721634
2044.731,85.6966921598
2044.763,83.2413941562
2044.795,80.8989171526
2044.85,77.1231711463
2044.905,73.6444431401
2044.96,70.4405731338
2045.014,67.5417221277
2045.069,64.8204341215
2045.124,62.3132841152
2045.179,60.002071109
2045.233,57.9070221029
2045.288,55.9349650966
2045.343,54.1115850904
2045.398,52.4233850842
2045.452,50.885422078
2045.507,49.4295950718
2045.561,48.0989250657
2045.616,46.8349240594
2045.67,45.6754100533
2045.725,44.5698890471
2045.78,43.5336660408
2045.835,42.5605300346
2045.889,41.6610570285
2045.999,39.981017016
2046.108,38.4904703036
2046.218,37.1346541912
2046.327,35.9163278788
2046.436,34.8049142664
2046.545,33.7860560541
2046.64,32.9642430433
2046.734,32.2049413327
2046.829,31.4864539219
2046.923,30.8191517112
2047.112,29.5928679898
2047.301,28.4989264683
2047.49,27.5162439469
2047.679,26.6281314255
2047.868,25.821183504
2048.056,25.0882073827
2048.275,24.3102818579
2048.494,23.6031452331
2048.713,22.9573268082
2048.931,22.3676042835
2049.15,21.8220297587
2049.368,21.3201299339
2049.587,20.8526244091
2049.805,20.4198322844
2050.123,19.8398399483
2050.441,19.3129233123
2050.759,18.8317758762
2051.077,18.3903540401
2051.395,17.9835833041
2051.713,17.607238668
2052.031,17.2577361319
2052.349,16.9320568959
2052.787,16.5177313462
2053.224,16.1387779966
2053.662,15.788684427
2054.099,15.4650388174
2054.537,15.1629197677
2054.974,14.8807795182
2055.411,14.6153251386
2055.848,14.3642650691
2056.405,14.0618549259
2056.961,13.7759508028
2057.518,13.5015728297
2058.074,13.2355152966
2058.711,12.9338679944
2059.029,12.7816692683
2059.347,12.6263067122
2059.665,12.4663185562
2059.824,12.3845918482
2059.983,12.3024113401
2060.142,12.2213594121
2060.222,12.181915103
2060.301,12.1445882941
2060.381,12.109251485
2060.46,12.077797376
2060.54,12.050778467
2060.619,12.030498458
2060.689,12.0194536501
2060.759,12.0166325421
2060.829,12.0239832342
2060.898,12.0433564264
2060.968,12.0778515184
2061.037,12.1292371106
2061.107,12.2021354026
2061.176,12.2977979948
2061.211,12.3564821909
2061.246,12.4226288869
2061.281,12.4967382829
2061.315,12.5768082791
2061.35,12.6680502751
2061.385,12.7687292711
2061.42,12.8793372672
2061.454,12.9967662633
2061.489,13.1283852593
2061.524,13.2713632554
2061.559,13.4261362514
2061.593,13.5881952475
2061.628,13.7674472436
2061.663,13.9596612396
2061.698,14.1651572356
2061.732,14.3777512318
2061.772,14.6445122272
2061.812,14.9294932227
2061.852,15.2328182182
2061.891,15.5462492137
2061.931,15.8857392092
2061.971,16.2432522047
2062.011,16.6183822001
2062.05,17.0005901957
2062.13,17.8325341866
2062.209,18.7110001777
2062.368,20.6084961596
2062.463,21.7883241489
2062.557,22.9558611382
2062.652,24.1044391274
2062.746,25.1772291168
2062.791,25.6588091117
2062.836,26.1149491066
2062.881,26.5423191015
2062.925,26.9293390965
2062.977,27.3436190906
2063.029,27.7073090847
2063.084,28.0329090784
2063.099,28.1106990767
2063.129,28.2516890733
2063.154,28.3540490705
2063.176,28.432589068
2063.198,28.5001490655
2063.2,28.5057390653
2063.207,28.5246090645
2063.214,28.5423590637
2063.242,28.6020390605
2063.275,28.6490890568
2063.307,28.6705790532
2063.366,28.6479690465
2063.418,28.5618890406
2063.47,28.4153090347
2063.517,28.2324790293
2063.563,28.0092190241
2063.61,27.7381390188
2063.656,27.4333390136
2063.726,26.9009890056
2063.796,26.2956779977
2063.866,25.6292009898
2063.935,24.9244139819
2064.063,23.5320959674
2064.191,22.0918349529
2064.255,21.3748989456
2064.319,20.6700099384
2064.383,19.9835379311
2064.447,19.3209539239
2064.506,18.7352099172
2064.564,18.1856659106
2064.622,17.664233904
2064.68,17.1723798974
2064.739,16.7033318908
2064.797,16.2733698842
2064.855,15.8742298776
2064.913,15.505423871
2064.972,15.1605538643
2065.03,14.8502008578
2065.088,14.5669498512
2065.146,14.3093078446
2065.204,14.075669138
2065.262,13.8643396314
2065.32,13.6736205249
2065.378,13.5017733183
2065.428,13.3674926126
2065.477,13.2472784071
2065.527,13.1352330014
2065.576,13.0349308958
2065.626,12.9413531902
2065.675,12.8574476846
2065.774,12.7084220734
2065.873,12.5823159621
2065.972,12.4744796509
2066.071,12.3811040397
2066.169,12.2998742286
2066.268,12.2267104973
2066.367,12.1605486961
2066.565,12.0436370737
2066.763,11.9409241612
2066.96,11.8480351689
2067.333,11.6885572966
2067.705,11.5431344444
2068.078,11.4058198221
2068.45,11.2740652699
2069.102,11.048497606
2069.428,10.935453079
2069.754,10.820474312
2070.08,10.7021019551
2070.406,10.5786683381
2070.732,10.4481441211
2071.057,10.3084839143
2071.244,10.222692313
2071.43,10.132824292
2071.616,10.0382423309
2071.802,9.9396369898
2071.895,9.8895118792
2071.988,9.8395886687
2072.081,9.7908058581
2072.174,9.7445347476
2072.267,9.702712137
2072.36,9.6680090265
2072.453,9.6440245159
2072.546,9.6354957054
2072.61,9.6417183981
2072.674,9.6605397909
2072.738,9.6947702836
2072.802,9.7476460763
2072.866,9.8228485691
2072.93,9.9245213618
2072.994,10.0572750546
2073.058,10.2261799473
2073.09,10.3258939437
2073.122,10.4367429401
2073.154,10.5594739364
2073.186,10.6948589328
2073.218,10.8436819292
2073.25,11.0067479255
2073.282,11.1848699219
2073.314,11.3788689183
2073.346,11.5895709147
2073.378,11.817799911
2073.41,12.0643749074
2073.442,12.3301039038
2073.474,12.6157749001
2073.506,12.9221578965
2073.538,13.2499868929
2073.57,13.5999678892
2073.605,14.0088918853
2073.64,14.4458938813
2073.675,14.9116858773
2073.71,15.4068638734
2073.745,15.9319398694
2073.78,16.4873098654
2073.815,17.0732068615
2073.85,17.6897538575
2073.885,18.3369108535
2073.92,19.0144588496
2073.99,20.4590508416
2074.06,22.0182578337
2074.129,23.6591648259
2074.185,25.0591578195
2074.24,26.4859478133
2074.35,29.4586578008
2074.461,32.5487877882
2074.571,35.6028077757
2074.63,37.199857769
2074.688,38.7201477625
2074.746,40.1743377559
2074.804,41.5459377493
2074.868,42.944477742
2074.932,44.2029177348
2074.978,45.0105377296
2075.042,45.9866277223
2075.083,46.5158177177
2075.115,46.874217714
2075.147,47.1833477104
2075.179,47.4421877068
2075.2,47.5842977044
2075.209,47.6384177034
2075.245,47.8138676993
2075.276,47.9120876958
2075.306,47.9604076924
2075.347,47.9522276877
2075.408,47.7829276808
2075.449,47.5654976762
2075.49,47.2670876715
2075.55,46.6899676647
2075.61,45.9551476579
2075.657,45.2771776526
2075.703,44.5334076474
2075.796,42.8151876368
2075.917,40.2347276231
2076.037,37.4176576095
2076.147,34.725517597
2076.256,32.0518675846
2076.311,30.7269185784
2076.366,29.4303965722
2076.421,28.1701985659
2076.475,26.9748005598
2076.541,25.5778925523
2076.574,24.9081715486
2076.607,24.2586465448
2076.64,23.6299395411
2076.673,23.0225245373
2076.706,22.4367745336
2076.738,21.88969153
2076.771,21.3471955262
2076.804,20.8267605225
2076.837,20.3282985187
2076.87,19.851673515
2076.903,19.3966105113
2076.936,18.9628185075
2076.969,18.5498875038
2077.001,18.1689905001
2077.032,17.8178704966
2077.062,17.4944014932
2077.092,17.1865474898
2077.122,16.8938664864
2077.152,16.615850483
2077.182,16.3520184796
2077.212,16.1018694762
2077.242,15.8648894728
2077.273,15.6332844693
2077.303,15.4214614659
2077.363,15.0320674591
2077.423,14.6848854523
2077.483,14.3759180455
2077.544,14.0970302386
2077.604,13.8536628318
2077.664,13.637585425
2077.724,13.4456479182
2077.785,13.2723050112
2077.845,13.1205947044
2077.905,12.9851647976
2077.965,12.8638962908
2078.059,12.6980638802
2078.152,12.5578414696
2078.245,12.4365766591
2078.338,12.3304386485
2078.431,12.236421038
2078.524,12.1521630274
2078.71,12.0059290863
2078.896,11.8814115952
2079.082,11.7723398641
2079.268,11.674864233
2079.454,11.5864833919
2079.695,11.4827810946
2079.936,11.3889400473
2080.418,11.2241038026
2080.9,11.082146868
2081.382,10.9570376633
2082.215,10.7694279988
2083.047,10.6077041445
2083.88,10.46380294
2084.712,10.3333439957
2085.545,10.2128738912
2086.377,10.1003945768
2088.041,9.8927287981
2089.706,9.7014553993
2091.37,9.5214333006
2093.122,9.339867132
2094.874,9.1632327233
2097.152,8.9363754549
2099.43,8.7078856266
2101.708,8.4717251682
2102.847,8.348533579
2103.986,8.2204112699
2105.301,8.0644186207
2106.615,7.8971495017
2107.929,7.7143864627
2108.586,7.6154023082
2109.243,7.5101345137
2110.076,7.3657515192
2110.908,7.2064029948
2111.741,7.0274274004
2112.157,6.9289653632
2112.573,6.823185786
2113.055,6.6898781814
2113.536,6.5431312768
2114.018,6.3793837221
2114.499,6.1954940876
2114.74,6.0941490303
2114.981,5.9856602929
2115.222,5.8691401656
2115.463,5.7435836383
2115.704,5.6078825109
2115.945,5.4609370836
2116.186,5.3020509563
2116.307,5.2179180426
2116.427,5.1320657289
2116.548,5.0439012152
2116.668,4.9563784016
2116.789,4.8706147879
2116.909,4.7921557743
2117.03,4.7262385606
2117.09,4.7013792538
2117.15,4.683780147
2117.211,4.67534634
2117.271,4.6787316332
2117.331,4.6965040264
2117.391,4.7319601196
2117.452,4.7901210127
2117.512,4.8736454059
2117.572,4.9884995991
2117.632,5.1406512923
2117.693,5.3405728854
2117.723,5.458026882
2117.753,5.5894778786
2117.783,5.7360248752
2117.813,5.8988288718
2117.843,6.0791068684
2117.873,6.278133865
2117.904,6.5049098614
2117.934,6.746235858
2117.964,7.0105318546
2117.994,7.2993038512
2118.024,7.6141058478
2118.054,7.9565418444
2118.084,8.328262841
2118.114,8.7309618376
2118.145,9.1814648341
2118.175,9.6525178307
2118.205,10.1598868273
2118.235,10.7053798239
2118.265,11.2908158205
2118.295,11.9180198171
2118.325,12.5888088137
2118.355,13.3049918103
2118.397,14.3872888055
2118.438,15.5375588009
2118.479,16.7847227962
2118.52,18.1328117916
2118.561,19.5855337869
2118.602,21.1462677823
2118.643,22.8179247776
2118.684,24.602969773
2118.726,26.5510567682
2118.767,28.5706877636
2118.808,30.7073697589
2118.849,32.9608627543
2118.89,35.3301127496
2118.931,37.813172745
2118.972,40.4072027403
2119.013,43.1083527357
2119.057,46.1207627307
2119.101,49.2436527257
2119.188,55.7083727158
2119.276,62.5658927059
2119.363,69.555672696
2119.483,79.3102026824
2119.603,88.8603426688
2119.669,93.8817126613
2119.735,98.6526526538
2119.793,102.585542647
2119.85,106.169592641
2119.91,109.598062634
2119.97,112.632352627
2120.03,115.23520262
2120.091,117.406502613
2120.159,119.230232606
2120.2,120.014792601
2120.212,120.1988126
2120.251,120.652952595
2120.29,120.886102591
2120.349,120.818922584
2120.409,120.237592577
2120.488,118.705762568
2120.547,117.019322562
2120.606,114.898172555
2120.665,112.374152548
2120.723,109.535332542
2120.777,106.607022536
2120.83,103.49766253
2120.936,96.7095925176
2121.054,88.5303825042
2121.171,80.1111224909
2121.241,75.060802483
2121.31,70.1467924752
2121.379,65.3484124674
2121.448,60.7101624595
2121.507,56.8992924528
2121.566,53.2514624461
2121.625,49.7814564395
2121.683,46.5542054329
2121.713,44.9589504295
2121.742,43.4656824262
2121.771,42.0208024229
2121.8,40.6244854196
2121.83,39.2311854162
2121.859,37.9336424129
2121.888,36.6843124096
2121.917,35.4827724063
2121.947,34.2895284029
2121.976,33.1834473996
2122.006,32.0874173962
2122.035,31.073640393
2122.065,30.0711773896
2122.094,29.1458063863
2122.123,28.262268383
2122.152,27.4194333797
2122.182,26.5891053763
2122.211,25.825362373
2122.24,25.0986113697
2122.269,24.4075653664
2122.299,23.728899363
2122.328,23.1065093597
2122.357,22.5158783564
2122.386,21.9557243531
2122.437,21.0406173474
2122.488,20.2088523416
2122.539,19.4537403358
2122.589,18.7816183301
2122.64,18.1595613243
2122.69,17.6063723187
2122.741,17.0945459129
2122.791,16.6392530072
2122.842,16.2176082014
2122.893,15.8348017957
2122.944,15.4868040899
2122.994,15.1758948842
2123.045,14.8863687784
2123.095,14.6266886727
2123.146,14.383796067
2123.196,14.1648819613
2123.255,13.9282387546
2123.314,13.7122401479
2123.431,13.3351184346
2123.549,13.0102971213
2123.666,12.730895408
2123.784,12.4828433946
2123.901,12.2635473813
2124.018,12.0657549681
2124.135,11.8857394548
2124.317,11.6345131342
2124.498,11.4129157136
2124.679,11.2141209931
2124.86,11.0342338726
2125.041,10.8703167521
2125.222,10.7200425315
2125.584,10.4534138905
2125.819,10.3003316538
2126.053,10.1608300073
2126.522,9.9132443141
2126.991,9.6997412809
2127.46,9.5127331377
2127.844,9.3754627342
2128.228,9.2499662306
2128.995,9.0276250036
2129.763,8.8343789465
2130.53,8.6635667796
2131.213,8.5260324521
2131.895,8.3996847948
2133.26,8.17216355
2134.625,7.9692984952
2135.989,7.7840600505
2137.183,7.6324075551
2138.377,7.4880463997
2139.571,7.3491903142
2140.765,7.2144870588
2142.301,7.0453536947
2143.836,6.8791720206
2145.371,6.7143468265
2146.906,6.5494808024
2148.441,6.3832639583
2149.976,6.2144489442
2151.511,6.0415936202
2153.046,5.8627372461
2154.411,5.6967821413
2155.776,5.5217857765
2156.459,5.429684239
2157.141,5.3337155917
2157.823,5.2326392243
2158.505,5.124870467
2159.145,5.0154903244
2159.465,4.9568296681
2159.785,4.8948052218
2160.105,4.8288633955
2160.425,4.7591379392
2160.585,4.7236436411
2160.745,4.689062733
2160.905,4.6576136848
2160.985,4.6442065757
2161.064,4.6333657668
2161.155,4.6249953565
2161.246,4.6226933461
2161.337,4.6286626358
2161.427,4.6454050256
2161.518,4.6766484153
2161.608,4.7256953051
2161.654,4.7592162999
2161.699,4.7984093948
2161.744,4.8446334897
2161.789,4.8986276846
2161.835,4.9626681793
2161.88,5.0348038742
2161.926,5.119136169
2161.971,5.2128995639
2162.017,5.3212118587
2162.062,5.4403008536
2162.107,5.5733128485
2162.152,5.7211708434
2162.198,5.8886038382
2162.243,6.0692318331
2162.288,6.267356828
2162.333,6.4837618229
2162.379,6.7246158177
2162.424,6.9800848125
2162.469,7.2557158074
2162.514,7.5519118023
2162.562,7.8908227969
2162.61,8.2535727915
2162.658,8.640076786
2162.706,9.0500147806
2162.754,9.4828097751
2162.802,9.9376117697
2162.85,10.4132887642
2162.898,10.9084137588
2162.994,11.9498167479
2163.09,13.044477737
2163.186,14.1705317261
2163.281,15.2904297154
2163.361,16.2171957063
2163.441,17.1101696972
2163.521,17.9511516881
2163.601,18.7221936791
2163.676,19.3663206706
2163.751,19.9210946621
2163.797,20.2122216568
2163.842,20.4582296517
2163.895,20.6963256457
2163.927,20.8120706421
2163.955,20.8956386389
2163.973,20.9405246369
2163.996,20.9877176343
2164.0,20.9947566338
2164.01,21.0108266327
2164.035,21.0415046298
2164.057,21.0572156274
2164.083,21.0621696244
2164.126,21.0380456195
2164.198,20.9084806114
2164.263,20.698166604
2164.327,20.4085615967
2164.384,20.0858255903
2164.441,19.7065225838
2164.498,19.2755965773
2164.555,18.7984885709
2164.612,18.2810325644
2164.669,17.7293195579
2164.783,16.548168545
2164.897,15.3048895321
2165.01,14.0576615193
2165.117,12.9001445071
2165.17,12.3446055011
2165.223,11.8049094951
2165.277,11.273921489
2165.33,10.773439483
2165.383,10.295137477
2165.436,9.840314471
2165.49,9.4020084648
2165.543,8.9970284588
2165.596,8.6172654528
2165.649,8.2626634468
2165.702,7.9329074408
2165.755,7.6274534348
2165.808,7.3455574288
2165.861,7.0863214228
2165.911,6.8616024171
2165.96,6.6591414115
2166.01,6.4696850059
2166.059,6.2998176003
2166.109,6.1415598946
2166.158,6.0002224891
2166.207,5.8715022835
2166.256,5.754421478
2166.306,5.6459707723
2166.355,5.5495609667
2166.405,5.4603502611
2166.454,5.3810728555
2166.504,5.3076855498
2166.553,5.2423912443
2166.651,5.1288455332
2166.75,5.0332846219
2166.849,4.9529171107
2166.948,4.8844273995
2167.046,4.8257195884
2167.145,4.7735123771
2167.243,4.727262566
2167.44,4.6459762537
2167.592,4.5906066165
2167.744,4.5395187392
2168.048,4.4457999947
2168.352,4.3593080203
2168.656,4.2773918658
2169.112,4.1599402541
2169.568,4.0463003424
2170.024,3.9344060606
2170.479,3.823007649
2170.935,3.7104223173
2171.391,3.5958513456
2171.847,3.4783199439
2172.302,3.3571360923
2172.637,3.2648406543
2172.971,3.1697668164
2173.305,3.0712028786
2173.639,2.9686860407
2173.973,2.8617338028
2174.307,2.7498673649
2174.641,2.6326752271
2174.808,2.5720029081
2174.975,2.5099647892
2175.173,2.4347485667
2175.37,2.3584566444
2175.568,2.2811053219
2175.765,2.2051738996
2175.864,2.1684111884
2175.963,2.1334963771
2176.062,2.1014937659
2176.16,2.0741648548
2176.259,2.0530520436
2176.358,2.0414092323
2176.457,2.0432967211
2176.555,2.06391211
2176.631,2.0972536014
2176.707,2.1503806927
2176.783,2.2285567841
2176.859,2.3381960755
2176.897,2.4071760712
2176.935,2.4870378669
2176.973,2.5789832626
2177.011,2.6843201583
2177.049,2.804468154
2177.087,2.9409581497
2177.125,3.0954431453
2177.163,3.269696141
2177.201,3.4656171367
2177.239,3.6852351324
2177.277,3.9307071281
2177.315,4.2043191238
2177.353,4.5084901195
2177.391,4.8457591152
2177.429,5.2187941109
2177.467,5.6303741066
2177.505,6.0833911022
2177.543,6.5808360979
2177.581,7.1257880936
2177.619,7.7214030893
2177.657,8.370893085
2177.695,9.0775120807
2177.733,9.8445340764
2177.77,10.6525260722
2177.791,11.1391100698
2177.812,11.6466470674
2177.833,12.1756700651
2177.854,12.7267030627
2177.896,13.8968540579
2177.937,15.1298520533
2177.979,16.4894990485
2178.021,17.9502910437
2178.063,19.515284039
2178.104,21.1460380343
2178.146,22.9242010296
2178.188,24.8128660248
2178.23,26.81296602
2178.271,28.8731660154
2178.313,31.0934960106
2178.355,33.4237160059
2178.397,35.8616560011
2178.438,38.3424959964
2178.48,40.9833059917
2178.522,43.7197759869
2178.564,46.5458759822
2178.606,49.4545559774
2178.69,55.4862859679
2178.773,61.6627659584
2178.895,70.9420859446
2179.016,80.0867959309
2179.1,86.2097059214
2179.183,91.935695912
2179.236,95.3668159059
2179.289,98.5853458999
2179.373,103.17885589
2179.456,107.014245881
2179.498,108.659215876
2179.54,110.091865871
2179.599,111.729645865
2179.64,112.60095586
2179.68,113.234835856
2179.704,113.511355853
2179.714,113.603445852
2179.737,113.763455849
2179.759,113.848865847
2179.803,113.821235842
2179.875,113.209545834
2179.922,112.437825828
2179.969,111.380695823
2180.02,109.922455817
2180.071,108.155685811
2180.127,105.882265805
2180.183,103.286715798
2180.235,100.614835793
2180.286,97.7755357869
2180.389,91.4885657752
2180.492,84.6488957635
2180.595,77.4810557518
2180.744,66.9626557349
2180.819,61.7607057264
2180.893,56.770505718
2180.945,53.3757057121
2180.996,50.1520957064
2181.047,47.0449957006
2181.098,44.0639056948
2181.15,41.1618756889
2181.201,38.4561456831
2181.252,35.8933066773
2181.303,33.4753756715
2181.332,32.1653406682
2181.36,30.9449826651
2181.388,29.7681206619
2181.416,28.6344116587
2181.444,27.5434196555
2181.472,26.4945846524
2181.5,25.4872806492
2181.528,24.520806646
2181.556,23.5943766428
2181.584,22.7071386397
2181.612,21.8581906365
2181.64,21.0465986333
2181.668,20.2713446301
2181.696,19.531414627
2181.724,18.8257336238
2181.752,18.1532356206
2181.778,17.5575166177
2181.804,16.9885706147
2181.855,15.9468606089
2181.907,14.980207603
2181.958,14.1189785972
2182.01,13.3225375913
2182.061,12.6150425856
2182.112,11.9743045798
2182.163,11.394459574
2182.215,10.8602265681
2182.266,10.3868745623
2182.317,9.9587605565
2182.368,9.5713895507
2182.42,9.2140815448
2182.471,8.8967154391
2182.522,8.6086091333
2182.573,8.3466156275
2182.634,8.0635820206
2182.695,7.8095041136
2182.756,7.5805706067
2182.816,7.3766903999
2182.877,7.188211393
2182.938,7.0161952861
2183.059,6.7154930724
2183.181,6.4558078585
2183.302,6.2313750448
2183.423,6.0326384311
2183.544,5.8542794174
2183.75,5.586905794
2183.955,5.3554881707
2184.16,5.1503565475
2184.365,4.9659831243
2184.571,4.7976781009
2184.776,4.6441790777
2184.981,4.5024089544
2185.186,4.3706188312
2185.523,4.1720499929
2185.859,3.9924050548
2186.195,3.8275081167
2186.531,3.6746700786
2186.867,3.5318190405
2187.203,3.3973361024
2187.539,3.2699385643
2187.875,3.1485967262
2188.398,2.9698416669
2188.92,2.8015950077
2189.443,2.6413245484
2189.965,2.4881919892
2190.787,2.258324296
2191.608,2.0400472029
2192.43,1.8310170096
2193.251,1.6306979166
2194.073,1.4381927233
2194.894,1.2541196302
2195.305,1.1652379836
2195.715,1.0789090371
2196.126,0.9948850905
2196.536,0.913795744
2196.947,0.8355183974
2197.358,0.7605753508
2197.769,0.6893309042
2198.179,0.6223549577
2198.385,0.5903919343
2198.59,0.5597902111
2198.796,0.5303212877
2199.001,0.5023461644
2199.207,0.4756725411
2199.412,0.4506449178
2199.617,0.4272214946
2199.822,0.4054995714
2200.103,0.3786800395
2200.383,0.3556180077
2200.663,0.336524946
2200.943,0.3217449042
2201.223,0.3116565225
2201.363,0.3085004266
2201.503,0.3066770107
2201.643,0.3062451448
2201.783,0.3072662589
2201.923,0.3098050531
2202.063,0.3139291272
2202.166,0.3180165955
2202.269,0.3230296738
2202.372,0.3289985721
2202.474,0.3358824506
2202.577,0.3438482989
2202.679,0.3527742873
2202.884,0.3739742741
2203.089,0.3997706008
2203.294,0.4304725776
2203.499,0.4664125543
2203.704,0.5079477311
2203.91,0.5557099077
2204.115,0.6096510845
2204.321,0.6707487611
2204.526,0.7388929379
2204.732,0.8152734145
2204.937,0.8997117913
2205.04,0.9454998796
2205.143,0.9936445679
2205.246,1.0442304562
2205.348,1.0968177447
2205.451,1.152528533
2205.554,1.2109552213
2205.657,1.2721970096
2205.759,1.3357203981
2205.862,1.4028777864
2205.965,1.4731733747
2206.068,1.546723863
2206.17,1.6228875514
2206.273,1.7032838398
2206.376,1.7873167281
2206.479,1.8751233164
2206.581,1.9659381048
2206.684,2.0616918932
2206.786,2.1606791816
2206.889,2.2650031699
2206.991,2.3728076583
2207.094,2.4863826467
2207.197,2.604881735
2207.3,2.7284997233
2207.402,2.8561654117
2207.505,2.9905922
2207.607,3.1293901885
2207.71,3.2755141768
2207.812,3.4263666652
2207.915,3.5851598535
2208.018,3.7507175419
2208.121,3.9233193302
2208.223,4.1014797186
2208.326,4.2889996069
2208.428,4.4825579953
2208.531,4.6862875837
2208.633,4.8965860721
2208.736,5.1179499604
2208.839,5.3487573487
2208.942,5.589423837
2209.044,5.8379013255
2209.147,6.0995189138
2209.25,6.3723757021
2209.455,6.9509385789
2209.558,7.2605656672
2209.661,7.5836415555
2209.866,8.2692127323
2210.071,9.015997009
2210.174,9.4161845973
2210.276,9.8300193858
2210.379,10.2664862741
2210.482,10.7225440624
2210.585,11.1991783507
2210.687,11.6924873392
2210.79,12.2132373275
2210.893,12.7578693158
2210.996,13.3276293041
2211.098,13.9179312926
2211.201,14.5417372809
2211.304,15.1948752692
2211.407,15.8789402575
2211.509,16.5884982459
2211.612,17.3392672343
2211.714,18.1185332227
2211.817,18.943626211
2211.919,19.8006501995
2212.022,20.7087311878
2212.125,21.6621721761
2212.228,22.6636371644
2212.33,23.7055061529
2212.433,24.8112681412
2212.535,25.9626541296
2212.638,27.1857221179
2212.74,28.4604471064
2212.843,29.8158220947
2212.946,31.244064083
2213.049,32.7498490713
2213.151,34.3224030598
2213.254,35.9979770481
2213.356,37.7497790365
2213.459,39.6184620248
2213.561,41.5744400133
2213.664,43.6634100016
2213.767,45.8747269899
2213.87,48.2170879782
2213.972,50.6750569666
2214.075,53.306946955
2214.178,56.1004039433
2214.281,59.0674299316
2214.383,62.18950192
2214.486,65.5419059083
2214.589,69.1103648967
2214.692,72.911640885
2214.794,76.9233758734
2214.897,81.2439068617
2214.999,85.8104888501
2215.102,90.7359288385
2215.204,95.9495848269
2215.335,103.179618812
2215.466,111.068380797
2215.597,119.685058782
2215.727,129.030749768
2215.858,139.332231753
2215.988,150.521950738
2216.119,162.870256723
2216.249,176.292966708
2216.352,187.827041697
2216.455,200.218059685
2216.558,213.524581673
2216.66,227.662177662
2216.763,242.96673165
2216.866,259.362011638
2216.969,276.902907627
2217.071,295.451898615
2217.174,315.416349604
2217.276,336.443061592
2217.379,358.96856158
2217.481,382.566031569
2217.584,407.692441557
2217.686,433.835861545
2217.789,461.462591534
2217.891,489.966971522
2218.048,535.841571504
2218.204,583.399451487
2218.516,681.760991451
2218.672,730.855081434
2218.828,778.537731416
2218.984,823.685871398
2219.14,865.14861138
2219.305,903.752561362
2219.388,920.752041352
2219.47,935.774411343
2219.553,949.065941334
2219.635,960.204691324
2219.718,969.378231315
2219.8,976.302421306
2219.91,982.182591293
2220.0,984.064451283
2220.089,983.344581273
2220.179,980.049931263
2220.268,974.324671253
2220.358,966.139111242
2220.447,955.796711232
2220.536,943.361401222
2220.625,928.992351212
2220.804,894.951271192
2220.983,855.323041171
2221.162,811.687371151
2221.34,765.838871131
2221.581,702.289031104
2221.821,639.862611077
2221.942,609.403621063
2222.062,580.137671049
2222.182,551.954951036
2222.302,524.960671022
2222.415,500.690358009
2222.528,477.568520996
2222.641,455.607292984
2222.754,434.801255971
2222.867,415.131025958
2222.98,396.566522945
2223.093,379.068933932
2223.206,362.593665919
2223.32,346.959365907
2223.433,332.388939894
2223.546,318.689448881
2223.659,305.809031868
2223.772,293.697085855
2223.885,282.304577842
2223.998,271.58425183
2224.111,261.491331817
2224.225,251.901725804
2224.338,242.943505791
2224.451,234.492820778
2224.564,226.514699765
2224.677,218.976937753
2224.79,211.84929574
2224.903,205.103894727
2225.016,198.715007714
2225.13,192.606333701
2225.243,186.862960688
2225.356,181.409312676
2225.469,176.226445663
2225.582,171.29695065
2225.695,166.604651637
2225.921,157.872885612
2226.147,149.924097586
2226.373,142.66660456
2226.599,136.021331535
2226.825,129.920059509
2227.072,123.804828481
2227.319,118.202468453
2227.566,113.055638425
2227.813,108.314973397
2228.06,103.937356369
2228.307,99.8852233409
2228.554,96.1256343129
2228.8,92.643397285
2229.027,89.6404203593
2229.253,86.8333687336
2229.479,84.193292508
2229.705,81.7065253824
2229.932,79.3507606566
2230.158,77.135739931
2230.384,75.0408849054
2230.61,73.0572383797
2230.837,71.168556154
2231.063,69.3840499284
2231.289,67.6884363028
2231.515,66.0755463771
2231.742,64.5331235514
2231.968,63.0695919257
2232.42,60.3397888745
2232.873,57.8405903231
2233.325,55.5547480719
2233.778,53.4480042205
2234.23,51.5090221692
2234.683,49.7114434178
2235.135,48.0478610666
2235.587,46.5009150153
2236.039,45.0591343641
2236.41,43.947261522
2236.78,42.89729958
2237.15,41.9016424381
2237.52,40.9560185961
2237.891,40.054104454
2238.261,39.1972299121
2239.001,37.5992554282
2239.742,36.1372333441
2240.482,34.7979662602
2241.222,33.5644702763
2241.962,32.4239119924
2242.867,31.1393597897
2243.772,29.9601788871
2244.677,28.8718583845
2245.582,27.8619486818
2246.487,26.9196956792
2247.392,26.0355974765
2248.297,25.2011535739
2249.202,24.4085659713
2249.86,23.8543605967
2250.518,23.315642222
2251.176,22.7896280474
2251.834,22.2734743728
2252.41,21.8273889075
2252.986,21.3844080421
2253.562,20.9421330768
2254.138,20.4978583115
2254.714,20.0483949462
2255.29,19.5899663808
2255.866,19.1179819155
2256.441,18.6275636503
2256.976,18.1475260896
2257.244,17.8960265592
2257.511,17.636587329
2257.779,17.3658661986
2258.046,17.0842251683
2258.313,16.788778538
2258.58,16.4772485077
2258.765,16.2505523868
2258.95,16.0138126658
2259.135,15.7658538448
2259.32,15.5054205238
2259.505,15.2311661028
2259.69,14.9419074819
2259.875,14.6369294609
2259.968,14.4777963503
2260.06,14.3168623399
2260.174,14.113463227
2260.287,13.9091785141
2260.4,13.7051628013
2260.513,13.5060189885
2260.57,13.4095036821
2260.626,13.3187155757
2260.683,13.2317826692
2260.739,13.1534114629
2260.796,13.0827623564
2260.852,13.0245678501
2260.909,12.9794752436
2260.965,12.9521239373
2261.022,12.9451586308
2261.079,12.9634376243
2261.136,13.0117586179
2261.192,13.0937376115
2261.249,13.2182776051
2261.305,13.3875375987
2261.362,13.6149495922
2261.418,13.9004375859
2261.475,14.2630415794
2261.531,14.6993315731
2261.56,14.9596905698
2261.588,15.2351105666
2261.616,15.5354915634
2261.644,15.8621735603
2261.673,16.229733557
2261.701,16.6142855538
2261.729,17.0294405506
2261.757,17.4766375474
2261.786,17.9751695442
2261.814,18.492184541
2261.842,19.0457525378
2261.87,19.6373665346
2261.899,20.2917985313
2261.927,20.9654205282
2261.955,21.681553525
2261.983,22.4416075218
2262.012,23.2766075185
2262.04,24.1303525154
2262.068,25.0321225122
2262.096,25.983148509
2262.153,28.0762085025
2262.209,30.3446484962
2262.266,32.8766864897
2262.322,35.5886964834
2262.379,38.5806164769
2262.436,41.8067464704
2262.493,45.264866464
2262.549,48.8831464576
2262.606,52.7823364512
2262.662,56.8140464448
2262.719,61.1068464384
2262.775,65.491536432
2262.842,70.9244964244
2262.909,76.5198564168
2263.042,87.9064364017
2263.166,98.5197363877
2263.238,104.51442638
2263.309,110.202776371
2263.366,114.553856365
2263.423,118.668226358
2263.495,123.46555635
2263.551,126.844076344
2263.608,129.929636337
2263.664,132.585096331
2263.725,135.024816324
2263.8,137.340976316
2263.82,137.827046314
2263.867,138.746766308
2263.914,139.351226303
2263.963,139.644156297
2264.011,139.598316292
2264.06,139.216126286
2264.109,138.501996281
2264.158,137.465676275
2264.206,136.15020627
2264.287,133.29632626
2264.367,129.764556252
2264.465,124.60405624
2264.563,118.696286229
2264.67,111.618756217
2264.776,104.201586205
2264.874,97.187726194
2264.972,90.1958761828
2265.021,86.7547661773
2265.07,83.3719561717
2265.119,80.0617661662
2265.168,76.8367761606
2265.217,73.7078961551
2265.266,70.6843261495
2265.315,67.7736561439
2265.364,64.9818291384
2265.413,62.3133051328
2265.462,59.7711051273
2265.511,57.3569081217
2265.559,55.1165531163
2265.599,53.3433701117
2265.639,51.6545901072
2265.679,50.0489751027
2265.719,48.5249540981
2265.759,47.0806510936
2265.799,45.7139120891
2265.839,44.4223760845
2265.879,43.20348108
2265.919,42.0545090754
2265.959,40.9726540709
2265.999,39.9550150664
2266.039,38.9986200618
2266.079,38.1005060573
2266.119,37.2576860528
2266.159,36.4672030482
2266.199,35.7261340437
2266.248,34.8814910381
2266.297,34.1015990326
2266.346,33.381545027
2266.395,32.7166310215
2266.444,32.1024070159
2266.493,31.5346590103
2266.542,31.0094380048
2266.591,30.5230499992
2266.64,30.0720690937
2266.689,29.6533263881
2266.738,29.2639025826
2266.787,28.901093877
2266.836,28.5624662714
2266.885,28.2457695659
2266.983,27.6702345548
2267.059,27.2697709462
2267.135,26.9032995375
2267.211,26.5661799289
2267.286,26.2584513204
2267.362,25.9686053118
2267.437,25.7015653033
2267.588,25.2122417862
2267.739,24.775921069
2267.89,24.3821271519
2268.041,24.0232068348
2268.192,23.6934066177
2268.388,23.3017202954
2268.584,22.9445247732
2268.78,22.616288051
2268.975,22.3142119289
2269.171,22.0317706066
2269.367,21.7677667844
2269.758,21.2873946401
2270.096,20.9130214017
2270.434,20.5693015634
2270.772,20.2509031251
2271.11,19.9536327867
2271.448,19.6740846484
2271.786,19.4094994101
2272.124,19.1575791718
2272.462,18.9163475334
2273.032,18.5291503688
2273.601,18.1613113542
2274.171,17.8056076496
2274.74,17.4578698951
2275.452,17.0248130543
2275.808,16.805874974
2276.163,16.5837766737
2276.519,16.3552901233
2276.875,16.1186456329
2277.231,15.8708640926
2277.586,15.6088536523
2277.782,15.4560588301
2277.978,15.2962672079
2278.174,15.1284402856
2278.37,14.9517444634
2278.566,14.7659968412
2278.762,14.572738019
2278.86,14.4747305078
2278.958,14.3773206967
2279.056,14.2823420856
2279.153,14.1933196746
2279.269,14.0984265615
2279.327,14.0580817549
2279.385,14.0241992483
2279.443,13.9983359417
2279.501,13.9823118351
2279.559,13.9781874286
2279.616,13.9880473221
2279.674,14.0148578155
2279.732,14.0615923089
2279.79,14.1315876024
2279.847,14.2266182959
2279.905,14.3539794893
2279.963,14.5166234828
2280.021,14.7192384762
2280.078,14.9621334697
2280.127,15.2094284642
2280.176,15.4957494586
2280.225,15.824466453
2280.274,16.1989584475
2280.323,16.6226354419
2280.372,17.0988824364
2280.421,17.6309584308
2280.47,18.2220404253
2280.519,18.8750664197
2280.568,19.5927694141
2280.617,20.3775254086
2280.666,21.231350403
2280.715,22.1558203975
2280.764,23.1519943919
2280.813,24.2203503864
2280.861,25.3367603809
2280.91,26.5469093754
2280.959,27.8267043698
2281.008,29.1737973642
2281.057,30.5849943587
2281.155,33.5827443476
2281.253,36.7774543365
2281.342,39.8026043264
2281.431,42.8932743163
2281.52,45.9913643062
2281.608,48.9996142962
2281.706,52.2059342851
2281.755,53.7250842795
2281.804,55.173374274
2281.866,56.8875342669
2281.928,58.4503242599
2281.937,58.6634342589
2281.957,59.1238942566
2281.977,59.5657342543
2282.017,60.3914042498
2282.066,61.2923542443
2282.106,61.9332542397
2282.131,62.2891042369
2282.156,62.609754234
2282.195,63.0383742296
2282.2,63.0869342291
2282.212,63.1974942277
2282.255,63.5239042228
2282.291,63.7125542187
2282.325,63.8195442149
2282.372,63.8535642096
2282.441,63.6662642017
2282.51,63.2033841939
2282.573,62.5499741868
2282.635,61.7039941797
2282.705,60.5247341718
2282.774,59.151944164
2282.834,57.8081541572
2282.893,56.3688141505
2283.011,53.2107741371
2283.149,49.2077541214
2283.287,45.0814741058
2283.347,43.299824099
2283.406,41.5752600923
2283.466,39.8615790855
2283.525,38.2263280788
2283.585,36.623115072
2283.644,35.1126550653
2283.704,33.6495450585
2283.763,32.2867860518
2283.798,31.5151590478
2283.833,30.7714040439
2283.868,30.0557270399
2283.902,29.387469036
2283.937,28.7272580321
2283.971,28.1126560282
2284.006,27.5072460242
2284.04,26.9452500204
2284.075,26.3931530164
2284.109,25.8819980126
2284.144,25.3810900086
2284.178,24.9184250047
2284.213,24.4660680008
2284.247,24.0491239969
2284.282,23.6422859929
2284.316,23.2680029891
2284.349,22.9237049853
2284.382,22.5973369816
2284.415,22.2881889779
2284.448,21.9954889741
2284.514,21.4565079666
2284.579,20.9814718593
2284.645,20.5501581518
2284.711,20.1648997443
2284.777,19.8206365368
2284.842,19.5170604294
2284.908,19.2405671219
2284.974,18.9921397145
2285.04,18.768235407
2285.105,18.5686059996
2285.171,18.3843181921
2285.237,18.2161243846
2285.303,18.0618660771
2285.368,17.9217066698
2285.463,17.734690559
2285.557,17.5669679483
2285.651,17.4132968377
2285.745,17.271174227
2285.933,17.0139908057
2286.121,16.7838622844
2286.309,16.5734226631
2286.497,16.3778515417
2286.873,16.0189870991
2287.174,15.753739365
2287.475,15.5018408308
2287.801,15.2391853939
2288.127,14.9829635569
2288.453,14.7295714199
2288.779,14.475749483
2289.105,14.218412246
2289.431,13.954412709
2289.757,13.680387872
2290.083,13.3925643351
2290.409,13.0865696981
2290.572,12.9251858796
2290.735,12.7572951611
2290.898,12.5821841426
2291.061,12.3992229242
2291.224,12.2080430057
2291.387,12.0087980872
2291.525,11.8347830715
2291.663,11.6579097559
2291.801,11.4819916402
2291.87,11.3963348324
2291.939,11.3136994246
2292.008,11.2356072168
2292.077,11.1639632089
2292.146,11.1011016011
2292.215,11.0499125933
2292.284,11.0138912855
2292.353,10.9972575776
2292.422,11.0050242698
2292.491,11.043095062
2292.538,11.0898770566
2292.585,11.1563650513
2292.632,11.245265046
2292.679,11.3595360407
2292.726,11.5023970353
2292.773,11.67732803
2292.82,11.8880750247
2292.867,12.1386430193
2292.914,12.433312014
2292.961,12.7765810087
2293.008,13.1732070033
2293.055,13.628134998
2293.102,14.1464989927
2293.149,14.7335729874
2293.196,15.394764982
2293.243,16.1355029767
2293.278,16.7420479727
2293.312,17.3785149689
2293.347,18.0844949649
2293.381,18.821680961
2293.416,19.6354649571
2293.45,20.4812399532
2293.485,21.4106079493
2293.519,22.3721299454
2293.554,23.4239699414
2293.588,24.5074169376
2293.623,25.6874559336
2293.657,26.8976919297
2293.692,28.2101489258
2293.726,29.5504029219
2293.76,30.9553429181
2293.794,32.4250229142
2293.851,35.0334329077
2293.907,37.7697729014
2293.964,40.7265128949
2294.02,43.7922028886
2294.077,47.0657728821
2294.133,50.4193128758
2294.189,53.8934228694
2294.245,57.4699428631
2294.314,61.9867028552
2294.383,66.5837128474
2294.521,75.8201528318
2294.584,79.9616528246
2294.646,83.9323228176
2294.716,88.2365728096
2294.785,92.2370228018
2294.835,94.9533827962
2294.885,97.4932727905
2294.954,100.673152783
2295.016,103.174652776
2295.072,105.119322769
2295.13,106.798512763
2295.2,108.348902755
2295.22,108.693452752
2295.262,109.272162748
2295.304,109.653072743
2295.376,109.844332735
2295.446,109.475912727
2295.491,108.956732722
2295.535,108.241732717
2295.606,106.673492709
2295.676,104.656812701
2295.747,102.176142693
2295.817,99.3485126848
2295.919,94.6558126732
2296.021,89.4354026616
2296.162,81.6691726457
2296.303,73.6595026297
2296.374,69.6583826216
2296.444,65.7908926137
2296.515,61.9827126056
2296.585,58.3710025977
2296.656,54.8772225896
2296.691,53.2238125857
2296.726,51.6184055817
2296.761,50.0624645777
2296.796,48.5571615738
2296.831,47.1033595698
2296.866,45.7016735658
2296.902,44.3146215617
2296.937,43.0193665578
2296.972,41.7764545538
2297.007,40.5855355498
2297.042,39.4460415459
2297.077,38.3572325419
2297.112,37.3182135379
2297.147,36.327961534
2297.183,35.3590565299
2297.218,34.4640245259
2297.253,33.6139295219
2297.288,32.807339518
2297.324,32.0214985139
2297.359,31.2984975099
2297.394,30.6143305059
2297.429,29.967400502
2297.465,29.3391454979
2297.5,28.7628124939
2297.535,28.21884949
2297.57,27.705675486
2297.605,27.221729482
2297.64,26.765473478
2297.675,26.3354204741
2297.71,25.9301274701
2297.771,25.2787404632
2297.832,24.6911954563
2297.893,24.1608714494
2297.953,23.6891388425
2298.014,23.2547312356
2298.075,22.8608075287
2298.136,22.5027469218
2298.196,22.181511615
2298.257,21.8827392081
2298.318,21.6087271012
2298.379,21.3565555942
2298.439,21.1273237874
2298.561,20.7100717736
2298.682,20.3491931599
2298.823,19.9806179439
2298.964,19.6558242279
2299.105,19.3654928119
2299.245,19.104621396
2299.386,18.86455418
2299.526,18.6450261642
2299.807,18.2503943323
2300.063,17.9336174033
2300.319,17.6490448742
2300.575,17.3907188452
2300.83,17.1550268163
2301.086,16.9366315873
2301.342,16.7337331582
2301.853,16.3665743003
2302.212,16.1330585596
2302.57,15.9163011189
2302.928,15.7129597283
2303.286,15.5208729177
2304.003,15.1631267864
2304.719,14.8329890452
2305.538,14.4784840524
2306.356,14.1406150796
2306.97,13.8933810899
2307.584,13.6487232803
2308.198,13.4043064907
2308.812,13.1578802711
2309.426,12.9072159714
2310.04,12.6499422618
2310.654,12.3835416022
2311.268,12.1051703325
2311.882,11.8115588629
2312.496,11.4987930933
2312.803,11.3337802584
2313.11,11.1621532236
2313.417,10.9831394888
2313.724,10.795915654
2314.006,10.615889122
2314.287,10.4280064901
2314.569,10.2300286582
2314.85,10.0223449263
2315.132,9.8023445943
2315.413,9.5703333625
2315.694,9.3241613306
2315.975,9.0623032987
2316.142,8.8985801798
2316.308,8.729420961
2316.475,8.552439142
2316.641,8.3694301232
2316.808,8.1779157043
2316.974,7.9800146854
2317.14,7.7746267666
2317.306,7.5621316478
2317.447,7.3767821318
2317.588,7.1882387158
2317.729,6.9986526998
2317.869,6.8129480839
2317.94,6.7214704759
2318.01,6.6343523679
2318.08,6.55155986
2318.15,6.4746798521
2318.221,6.404765444
2318.291,6.3462531361
2318.361,6.3010901281
2318.431,6.2729321202
2318.495,6.2658171129
2318.559,6.2806541057
2318.623,6.3222090984
2318.687,6.3960710912
2318.751,6.5087500839
2318.815,6.6677850766
2318.847,6.767348073
2318.879,6.8818440694
2318.911,7.0125540658
2318.943,7.1608350621
2318.975,7.3281370585
2319.007,7.5159940549
2319.039,7.7260330512
2319.071,7.9599750476
2319.103,8.219633044
2319.135,8.5069180404
2319.167,8.8238370367
2319.199,9.1724940331
2319.231,9.5550900295
2319.263,9.9739250258
2319.295,10.4313860222
2319.327,10.9299600186
2319.359,11.472219015
2319.391,12.0608210113
2319.423,12.6985040077
2319.454,13.3657220042
2319.49,14.2051380001
2319.525,15.0915739961
2319.56,16.0513199922
2319.595,17.0883449882
2319.631,18.2398739841
2319.666,19.4460619801
2319.701,20.7417509762
2319.736,22.1309399722
2319.772,23.6615549681
2319.807,25.2525129641
2319.842,26.9486949602
2319.877,28.7537199562
2319.912,30.6710399522
2319.947,32.7038999483
2319.982,34.8553199443
2320.017,37.1280099403
2320.062,40.2320599352
2320.107,43.5448099301
2320.152,47.069399925
2320.197,50.8077799199
2320.242,54.7605499148
2320.287,58.9268199097
2320.332,63.3041399046
2320.376,67.7842698996
2320.447,75.4160198916
2320.517,83.3981298836
2320.587,91.7919798757
2320.657,100.543349868
2320.76,113.929419856
2320.862,127.558569844
2321.002,146.334919829
2321.073,155.648889821
2321.143,164.544559813
2321.214,173.159289805
2321.284,181.137369797
2321.354,188.495539789
2321.424,195.132879781
2321.494,200.957659773
2321.563,205.826069765
2321.632,209.763309757
2321.7,212.68441975
2321.726,213.542319746
2321.808,215.292589737
2321.889,215.589039728
2321.967,214.543789719
2322.044,212.27215971
2322.123,208.728549701
2322.201,204.113419693
2322.279,198.497009684
2322.356,192.090089675
2322.427,185.534559667
2322.498,178.466269659
2322.64,163.223409643
2322.797,145.502109625
2322.875,136.671139616
2322.953,127.972899607
2323.045,118.013529597
2323.091,113.194479592
2323.137,108.501109587
2323.183,103.945009581
2323.229,99.5359795761
2323.275,95.2820395708
2323.321,91.1894995656
2323.36,87.8497095612
2323.399,84.6313395568
2323.438,81.5356295524
2323.477,78.5631595479
2323.516,75.7138475435
2323.555,72.9870015391
2323.594,70.3814005347
2323.633,67.8953515302
2323.672,65.5266995258
2323.711,63.2729175214
2323.75,61.131145517
2323.789,59.0982375126
2323.828,57.1707945081
2323.867,55.3452545037
2323.906,53.6178554993
2323.945,51.9847604949
2323.985,50.4036374903
2324.024,48.9494834859
2324.063,47.5776394815
2324.102,46.2841264771
2324.141,45.0650074726
2324.18,43.9164064682
2324.219,42.8345164638
2324.258,41.8156354594
2324.297,40.8561574549
2324.336,39.9526064505
2324.375,39.1016204461
2324.414,38.2999734417
2324.453,37.5445924373
2324.492,36.8325294328
2324.531,36.1610004284
2324.57,35.527332424
2324.638,34.5056654163
2324.705,33.5922904087
2324.773,32.749057401
2324.84,31.9912163934
2324.908,31.2875313857
2324.975,30.6512023781
2325.042,30.0649233705
2325.109,29.5229913629
2325.177,29.0131816551
2325.244,28.5460898475
2325.312,28.1038375398
2325.379,27.6960894322
2325.514,26.9476339169
2325.648,26.2861539017
2325.804,25.599412884
2325.96,24.9862772663
2326.116,24.4340006487
2326.272,23.932869731
2326.428,23.4753010133
2326.584,23.0553012956
2326.74,22.6679899779
2326.896,22.3093787602
2327.123,21.8320917345
2327.35,21.4002228087
2327.577,21.007124583
2327.804,20.6474043572
2328.031,20.3166406315
2328.258,20.0111930057
2328.485,19.72802098
2328.712,19.4645486542
2329.025,19.1296033187
2329.337,18.8241974834
2329.649,18.543369448
2329.961,18.2839300126
2330.273,18.0432519772
2330.585,17.8190879418
2330.897,17.6095721065
2331.209,17.4130736711
2331.635,17.1633454228
2332.061,16.9323910144
2332.487,16.7177525761
2332.912,16.5178166579
2333.763,16.1533115814
2334.614,15.8278399349
2335.239,15.608954014
2335.863,15.4046254933
2336.488,15.2121189324
2337.112,15.0302849116
2338.361,14.6916438
2339.609,14.3789508085
2340.404,14.1893425683
2341.198,14.0050705582
2341.993,13.8236699781
2342.787,13.643399968
2343.639,13.4480016614
2344.49,13.2466053249
2345.341,13.0326092684
2345.767,12.9176526601
2346.192,12.7952291319
2346.703,12.6336893739
2346.959,12.5449548749
2347.214,12.450372156
2347.342,12.4005697815
2347.47,12.349473387
2347.598,12.2976246324
2347.725,12.246392808
2347.853,12.1966298835
2347.98,12.1516745691
2348.044,12.1318421619
2348.108,12.1147185546
2348.172,12.1010862473
2348.235,12.0919563402
2348.31,12.0880542317
2348.384,12.0934878233
2348.459,12.1107410148
2348.533,12.1419919064
2348.608,12.1911686979
2348.682,12.2603472895
2348.757,12.355252781
2348.831,12.4774705726
2348.869,12.5526920683
2348.906,12.6348206641
2348.943,12.7263276599
2348.98,12.8277836557
2349.018,12.9429796514
2349.055,13.0664706472
2349.092,13.201748643
2349.129,13.3494126388
2349.167,13.5145526345
2349.204,13.6890816303
2349.241,13.8777166261
2349.278,14.0809636219
2349.316,14.3054346176
2349.353,14.5397796134
2349.39,14.7900996092
2349.427,15.056745605
2349.466,15.3557926006
2349.505,15.6735695962
2349.544,16.0102485917
2349.583,16.3659125873
2349.622,16.7405265829
2349.661,17.1339575785
2349.739,17.9761095696
2349.817,18.8887875608
2349.895,19.8662335519
2349.973,20.9004875431
2350.051,21.9813235342
2350.151,23.4150695229
2350.25,24.8593895117
2350.35,26.3085265003
2350.449,27.6960464891
2350.506,28.4585964826
2350.563,29.1854664762
2350.62,29.8695064697
2350.676,30.4931864634
2350.737,31.1108064565
2350.797,31.6487064496
2350.868,32.1877164416
2350.907,32.4359164372
2350.938,32.6079664337
2350.965,32.7391964306
2350.993,32.8566564274
2351.0,32.8830264266
2351.014,32.932156425
2351.043,33.0185164217
2351.071,33.0820364186
2351.106,33.1338664146
2351.157,33.1545264088
2351.235,33.0612264
2351.306,32.8482063919
2351.376,32.524026384
2351.434,32.1745563774
2351.492,31.7569863708
2351.55,31.2768863643
2351.608,30.7403863577
2351.698,29.8117763475
2351.788,28.7893083373
2351.967,26.581924317
2352.109,24.7753383009
2352.18,23.8846362928
2352.25,23.0270422849
2352.321,22.1858822768
2352.392,21.3801742688
2352.428,20.9869202647
2352.463,20.6151572607
2352.498,20.2542692567
2352.533,19.9045862528
2352.567,19.5759112489
2352.601,19.2582902451
2352.635,18.9518652412
2352.668,18.6652392375
2352.702,18.3810782336
2352.736,18.1082062298
2352.77,17.8465772259
2352.803,17.6032942222
2352.837,17.3634692183
2352.871,17.1344792144
2352.938,16.7140892068
2353.006,16.3276411991
2353.073,15.9843001915
2353.141,15.6713011838
2353.208,15.3952618762
2353.276,15.1452319685
2353.343,14.9258957609
2353.411,14.7280555532
2353.478,14.5550112456
2353.545,14.401331738
2353.612,14.2648020304
2353.667,14.1641080242
2353.722,14.0725700179
2353.831,13.9144872056
2353.94,13.7820994932
2354.049,13.6699865808
2354.159,13.5729880684
2354.268,13.489391256
2354.377,13.4155417236
2354.486,13.3493656213
2354.705,13.2335452665
2354.923,13.1343227317
2355.142,13.0457302069
2355.36,12.9656269522
2355.694,12.8545412943
2356.028,12.7540851964
2356.696,12.5757176607
2357.364,12.4180513349
2358.032,12.2742593992
2359.163,12.0513803509
2360.294,11.8448225726
2361.425,11.6477573144
2362.555,11.4559051462
2364.406,11.1446899963
2366.256,10.8281812865
2367.181,10.6646089616
2368.106,10.4953595867
2369.031,10.3181974318
2369.956,10.1301699169
2370.676,9.9736129852
2371.396,9.8047766836
2372.116,9.6187712319
2372.476,9.5169916011
2372.835,9.4078236104
2373.08,9.3279769426
2373.324,9.2434160249
2373.568,9.1534363272
2373.812,9.0586249296
2373.935,9.0098593856
2374.057,8.9619138118
2374.179,8.915839898
2374.301,8.8738663841
2374.423,8.8392974703
2374.545,8.8168568564
2374.606,8.8121424495
2374.667,8.8130729426
2374.728,8.8208104357
2374.789,8.8366827288
2374.86,8.8673990207
2374.931,8.9138391127
2375.002,8.9790112046
2375.072,9.0648625967
2375.143,9.1774763886
2375.213,9.3175357807
2375.284,9.4932306726
2375.354,9.7039226647
2375.39,9.8282046606
2375.425,9.9601556566
2375.461,10.1079056526
2375.496,10.2638076486
2375.532,10.4373416445
2375.567,10.6194086405
2375.602,10.8151536366
2375.637,11.0250636326
2375.673,11.2562346285
2375.708,11.4962636246
2375.743,11.7517506206
2375.778,12.0230476166
2375.814,12.3189056125
2375.849,12.6231436086
2375.884,12.9439376046
2375.919,13.2814146006
2375.955,13.6459995965
2375.99,14.0174185926
2376.061,14.8217555845
2376.132,15.6925505765
2376.202,16.6128275685
2376.273,17.6039335605
2376.343,18.6314635525
2376.414,19.7165275445
2376.484,20.8188625365
2376.587,22.4760535249
2376.69,24.1389235132
2376.793,25.7628335015
2376.895,27.2861434899
2376.944,27.9742034844
2376.992,28.6141034789
2377.04,29.2156534735
2377.088,29.774523468
2377.143,30.3572134618
2377.198,30.8729634556
2377.23,31.1402434519
2377.288,31.5599334454
2377.321,31.7600834416
2377.351,31.9169934382
2377.382,32.0536334347
2377.4,32.1209234327
2377.411,32.1576634314
2377.443,32.2454934278
2377.47,32.2974534247
2377.496,32.3282634218
2377.548,32.3333034159
2377.614,32.2319034084
2377.667,32.0648834024
2377.719,31.8292033965
2377.769,31.5381433908
2377.818,31.1945033853
2377.868,30.7877233796
2377.917,30.337793374
2377.998,29.4935933648
2378.078,28.5538333558
2378.159,27.5158533466
2378.239,26.4263633375
2378.362,24.6744043236
2378.485,22.8923083096
2378.547,22.0031103026
2378.608,21.1436172957
2378.669,20.3053962888
2378.73,19.4936592818
2378.782,18.8259142759
2378.834,18.18285627
2378.886,17.5663262641
2378.938,16.9777212582
2378.99,16.4180912523
2379.042,15.8880662465
2379.094,15.3879742406
2379.146,14.9178222347
2379.198,14.4773312288
2379.25,14.0659802229
2379.302,13.683023217
2379.354,13.3275572111
2379.406,12.9984992052
2379.458,12.6946771993
2379.51,12.4148071934
2379.562,12.1575511875
2379.61,11.938962382
2379.657,11.7414051767
2379.704,11.5591244714
2379.751,11.391080166
2379.799,11.2331292606
2379.846,11.0908650553
2379.893,10.9599266499
2379.94,10.8394030446
2380.035,10.6241697338
2380.129,10.4433396232
2380.224,10.2874222124
2380.318,10.1549056017
2380.413,10.038839291
2380.507,9.9382880803
2380.602,9.8482907695
2380.696,9.7684824589
2380.885,9.6289198374
2381.074,9.509060556
2381.339,9.362206596
2381.604,9.2312686259
2381.869,9.1108433259
2382.133,8.9982959659
2382.663,8.7876984458
2383.192,8.5908240358
2383.722,8.4014776457
2384.251,8.2168173657
2384.781,8.0336208456
2385.31,7.8506756056
2385.84,7.6657365455
2386.369,7.4781509055
2386.898,7.2863416155
2387.427,7.0891228855
2387.843,6.9294538384
2388.259,6.7650881912
2388.675,6.595372054
2389.091,6.4195843068
2389.507,6.2369228596
2389.923,6.0464770125
2390.339,5.8471957653
2390.754,5.6383566182
2391.208,5.3966842667
2391.435,5.270002341
2391.662,5.1390071153
2391.889,5.0033743895
2392.116,4.8627825638
2392.343,4.716993438
2392.569,4.5666989124
2392.777,4.4244010888
2392.985,4.2800196652
2393.089,4.2082057534
2393.193,4.1377610416
2393.297,4.0700229298
2393.401,4.006913118
2393.505,3.9511462062
2393.609,3.9064907944
2393.713,3.8780966826
2393.817,3.8728718709
2393.869,3.881699665
2393.921,3.8999381591
2393.973,3.9291537532
2394.025,3.9711119473
2394.077,4.0277983414
2394.129,4.1014278355
2394.181,4.1944644296
2394.233,4.3096345237
2394.295,4.4800645166
2394.356,4.6880615097
2394.418,4.9465385027
2394.479,5.2536794958
2394.51,5.4320754923
2394.541,5.6267704887
2394.572,5.8387634852
2394.602,6.0613554818
2394.633,6.3104134783
2394.664,6.5799014748
2394.695,6.8709244713
2394.725,7.1741264679
2394.756,7.5108324644
2394.787,7.8724624609
2394.818,8.2601834573
2394.848,8.6613394539
2394.879,9.1038114504
2394.91,9.5758364469
2394.941,10.0785624434
2394.971,10.59537144
2395.002,11.1617924365
2395.033,11.762192433
2395.064,12.3976094294
2395.094,13.046800426
2395.125,13.7539544225
2395.156,14.498888419
2395.187,15.2824044155
2395.217,16.0780604121
2395.255,17.1396204078
2395.293,18.2621174035
2395.331,19.4462803992
2395.369,20.6925623948
2395.407,22.0011293905
2395.445,23.3718313862
2395.483,24.8041813819
2395.52,26.2572813777
2395.558,27.8085013734
2395.596,29.4177613691
2395.671,32.7561213606
2395.747,36.340681352
2395.822,40.0501813435
2395.935,45.8868713307
2396.048,51.8951713178
2396.162,57.9606213049
2396.275,63.7875612921
2396.37,68.3973612813
2396.465,72.6169712706
2396.517,74.7202412647
2396.569,76.6550212588
2396.653,79.3837912492
2396.706,80.8301712432
2396.758,82.0271912373
2396.81,82.9941512314
2396.882,83.9388412233
2396.904,84.1341912208
2396.913,84.2013912197
2396.933,84.3241712175
2396.952,84.4068512153
2396.991,84.4727112109
2397.061,84.241711203
2397.132,83.5560011949
2397.207,82.3545911864
2397.268,81.0338511795
2397.328,79.4531111727
2397.398,77.2835611647
2397.467,74.8366211569
2397.562,71.0393911461
2397.657,66.8458711354
2397.727,63.5684811274
2397.797,60.1827811195
2397.937,53.2604411036
2398.02,49.1676210942
2398.102,45.2040910849
2398.184,41.3689910756
2398.266,37.7027410663
2398.336,34.7308710584
2398.406,31.9204350504
2398.441,30.5792630465
2398.476,29.2821340425
2398.511,28.0297600385
2398.545,26.8564800347
2398.58,25.6935310307
2398.615,24.5761370267
2398.65,23.5041550228
2398.685,22.4772760188
2398.72,21.4950320148
2398.755,20.5567880109
2398.79,19.6618040069
2398.824,18.832970003
2398.869,17.7959129979
2398.913,16.8458729929
2398.958,15.9371969878
2399.002,15.1077019828
2399.047,14.3169319777
2399.091,13.5972769727
2399.136,12.9131299676
2399.18,12.2920819627
2399.225,11.7029889576
2399.269,11.1692509526
2399.314,10.6637869475
2399.358,10.2063949425
2399.403,9.7736269374
2399.447,9.3822269324
2399.491,9.0198699274
2399.535,8.6843289224
2399.605,8.2006119145
2399.675,7.7715679065
2399.745,7.3900666986
2399.814,7.0543241908
2399.884,6.7490108828
2399.954,6.4742831749
2400.024,6.2257835669
2400.093,6.0028199591
2400.163,5.7957121512
2400.233,5.6050468432
2400.303,5.4284450353
2400.372,5.2661606275
2400.512,4.9663603116
2400.651,4.6994136958
2400.804,4.4322043785
2400.956,4.1878999612
2401.108,3.960115544
2401.26,3.7457033268
2401.527,3.3951457965
2401.793,3.0728732663
2402.06,2.772234236
2402.326,2.4933833059
2402.46,2.3604798907
2402.593,2.2336235756
2402.726,2.1119278605
2402.859,1.9955933454
2402.993,1.8840907302
2403.126,1.7794488151
2403.259,1.6812626001
2403.392,1.590078085
2403.532,1.5023724691
2403.671,1.4245648533
2403.811,1.3565851375
2403.95,1.3006233217
2404.09,1.2573123058
2404.229,1.2289334901
2404.299,1.2207569821
2404.369,1.2170360742
2404.439,1.2180690662
2404.508,1.2240535584
2404.572,1.2343035512
2404.635,1.249096744
2404.699,1.2692068368
2404.762,1.2943258296
2404.826,1.3256039224
2404.889,1.3624357152
2404.953,1.406399408
2405.016,1.4565516008
2405.07,1.5053189947
2405.124,1.5597483886
2405.178,1.6201748824
2405.232,1.6869474763
2405.286,1.7604507702
2405.34,1.8410894641
2405.394,1.9293029579
2405.448,2.0255540518
2405.502,2.1303452457
2405.556,2.2442162396
2405.61,2.3677442334
2405.664,2.5015562273
2405.718,2.6463172212
2405.772,2.8027502151
2405.826,2.971636209
2405.879,3.1503162029
2405.949,3.407396195
2406.019,3.6904851871
2406.089,4.0019791791
2406.124,4.1691971752
2406.158,4.3394121713
2406.193,4.5230071673
2406.228,4.7154921634
2406.263,4.9172901594
2406.298,5.1288481554
2406.333,5.3506321515
2406.368,5.5831431475
2406.403,5.8269061435
2406.437,6.0750031397
2406.472,6.3426031357
2406.507,6.6231971317
2406.542,6.9174431278
2406.577,7.2260311238
2406.612,7.5496951198
2406.647,7.8892121158
2406.682,8.2454001119
2406.716,8.608198108
2406.751,8.999845104
2406.786,9.4108931001
2406.821,9.8423690961
2406.856,10.2953580921
2406.891,10.7710100882
2406.926,11.2705380842
2406.961,11.7952270802
2406.995,12.3303050764
2407.03,12.9086450724
2407.065,13.5164090684
2407.1,14.1552030645
2407.135,14.8266990605
2407.17,15.5326850565
2407.205,16.2750330526
2407.24,17.0557220486
2407.274,17.8527970447
2407.309,18.7152890408
2407.344,19.6226380368
2407.379,20.5772640328
2407.414,21.5817190289
2407.449,22.6386610249
2407.484,23.7508960209
2407.519,24.921352017
2407.553,26.1170180131
2407.588,27.4113540091
2407.623,28.7734220052
2407.658,30.2067070012
2407.693,31.7148469972
2407.728,33.3015879932
2407.763,34.9708679893
2407.798,36.7267339853
2407.833,38.5733859813
2407.868,40.5151799774
2407.903,42.5565949734
2407.938,44.7022249694
2407.973,46.9568379655
2408.008,49.3252739615
2408.043,51.8125169575
2408.078,54.4236519536
2408.112,57.0837099497
2408.147,59.9542939457
2408.182,62.9643729418
2408.217,66.1192929378
2408.252,69.4244849338
2408.287,72.8853589299
2408.322,76.5073399259
2408.357,80.2958359219
2408.391,84.1406019181
2408.426,88.2729629141
2408.461,92.5874809101
2408.496,97.0891979062
2408.531,101.783011902
2408.601,111.765430894
2408.67,122.409199886
2408.74,134.052199879
2408.81,146.57003987
2408.88,159.979629863
2408.949,174.078089855
2409.019,189.272759847
2409.089,205.353149839
2409.159,222.294609831
2409.228,239.800059823
2409.317,263.479279813
2409.406,288.265599803
2409.495,313.979739793
2409.583,340.103419783
2409.723,382.472759767
2409.863,424.806129751
2409.984,460.357909737
2410.104,493.733339724
2410.225,524.58674971
2410.285,538.573359703
2410.345,551.555469697
2410.434,568.766639686
2410.523,583.298109676
2410.612,594.928699666
2410.7,603.411779656
2410.789,608.831579646
2410.862,610.869529638
2410.934,610.75748963
2411.006,608.569369621
2411.078,604.362059613
2411.151,598.117759605
2411.223,590.111719597
2411.295,580.394209589
2411.367,569.104389581
2411.456,553.204689571
2411.544,535.655019561
2411.633,516.37725955
2411.721,496.12603954
2411.86,462.491309525
2411.999,427.863589509
2412.138,393.289999493
2412.208,376.183989485
2412.277,359.648229477
2412.362,339.837679468
2412.447,320.756909458
2412.532,302.500129448
2412.617,285.136319439
2412.702,268.711453429
2412.787,253.25044542
2412.872,238.75991741
2412.957,225.2312444
2413.042,212.642594391
2413.127,200.962170381
2413.212,190.150127371
2413.297,180.160977362
2413.382,170.945585352
2413.467,162.452738342
2413.552,154.630709333
2413.637,147.428199323
2413.707,141.926506315
2413.777,136.784388307
2413.847,131.976045299
2413.916,127.539386291
2413.986,123.323077284
2414.055,119.426484276
2414.125,115.716965268
2414.194,112.28220026
2414.264,109.005309252
2414.333,105.964375244
2414.403,103.056664236
2414.472,100.351936228
2414.542,97.7594692205
2414.611,95.3421632127
2414.681,93.0195902047
2414.75,90.8487571969
2414.835,88.3238921873
2414.92,85.9505621776
2415.005,83.715964168
2415.09,81.6086161583
2415.175,79.6181861487
2415.26,77.7354011391
2415.345,75.9519111294
2415.43,74.2601961198
2415.515,72.6534281101
2415.6,71.1254611005
2415.77,68.2840970812
2415.94,65.6972540619
2416.109,63.3458866428
2416.295,60.9801199217
2416.48,58.8294543007
2416.666,56.8458034796
2416.851,55.0296376586
2417.037,53.3434702375
2417.222,51.7902461166
2417.408,50.3400191955
2417.593,48.9970458745
2417.763,47.8419943552
2417.933,46.7557471359
2418.103,45.7323801166
2418.273,44.7666539974
2418.613,42.9898589588
2418.953,41.3934395203
2419.293,39.9515723817
2419.633,38.6431205431
2419.973,37.4505744046
2420.312,36.3624060661
2420.652,35.3599219276
2420.992,34.436082289
2421.332,33.5820178505
2421.672,32.7901403119
2422.012,32.0539448733
2422.352,31.3677845348
2422.692,30.7267546962
2423.032,30.1265795577
2423.62,29.174158691
2424.207,28.3173635244
2424.794,27.5408179578
2425.381,26.8334888913
2425.968,26.1864702247
2426.555,25.5923660581
2427.142,25.0448601916
2427.729,24.538570525
2428.409,23.9975771479
2429.089,23.4996571807
2429.769,23.0396820736
2430.449,22.6133118565
2431.129,22.2168214094
2431.809,21.8470176223
2433.168,21.1772694182
2434.157,20.739700046
2435.146,20.3379481638
2436.135,19.9676466617
2437.124,19.6244841495
2438.113,19.3048118774
2439.102,19.0061199352
2441.08,18.4629148409
2442.44,18.1248389667
2443.8,17.8108602824
2445.16,17.5175074482
2446.519,17.2420199541
2447.879,16.9814024498
2449.239,16.7335203356
2450.599,16.4962648914
2451.958,16.2677850872
2453.442,16.025824749
2454.925,15.7894456308
2456.903,15.4776882864
2458.387,15.2423587281
2459.87,15.00157601
2461.353,14.7497934518
2462.095,14.6175072476
2462.836,14.4796569536
2463.702,14.3092786454
2464.567,14.1261696773
2465.432,13.9259088392
2466.297,13.7026653811
2466.977,13.505744924
2467.657,13.2838601769
2467.997,13.1611569083
2468.337,13.0289342797
2468.677,12.8855893612
2469.017,12.7291233526
2469.357,12.5570487041
2469.697,12.3662434655
2470.037,12.1527741269
2470.207,12.0360858077
2470.377,11.9118958884
2470.547,11.7796525691
2470.717,11.6389652498
2470.887,11.4900054305
2471.057,11.3340449113
2471.142,11.2543659016
2471.227,11.174430492
2471.312,11.0952615823
2471.397,11.0182362727
2471.482,10.9452162631
2471.567,10.8786848534
2471.652,10.8218295438
2471.736,10.7791544343
2471.791,10.760831028
2471.845,10.7521118219
2471.899,10.7543834158
2471.953,10.7696826097
2472.007,10.8003156035
2472.061,10.8488707974
2472.115,10.9182256913
2472.169,11.0115736852
2472.224,11.1349526789
2472.278,11.2877896728
2472.332,11.4762526667
2472.386,11.7048726605
2472.44,11.9785016544
2472.494,12.3023156483
2472.548,12.6817616422
2472.602,13.1225686361
2472.645,13.5214166312
2472.687,13.9551206264
2472.73,14.4473886215
2472.772,14.9783296168
2472.815,15.5763086119
2472.857,16.2164696071
2472.9,16.9323166023
2472.942,17.6933805975
2472.985,18.5387005926
2473.027,19.4315365879
2473.07,20.416835583
2473.112,21.4509365782
2473.155,22.5850375733
2473.197,23.7679715686
2473.24,25.0573435637
2473.282,26.3940555589
2473.348,28.6498825515
2473.414,31.094802544
2473.48,33.7252025365
2473.545,36.4903625291
2473.611,39.4651825216
2473.676,42.5459925143
2473.742,45.8101825068
2473.807,49.1381924994
2473.889,53.4596624901
2473.97,57.8130224809
2474.051,62.1907224717
2474.132,66.5278524625
2474.217,70.9604524529
2474.301,75.1428424434
2474.371,78.4208024354
2474.44,81.4216024276
2474.525,84.744822418
2474.595,87.12748241
2474.638,88.4168924052
2474.68,89.5404624004
2474.727,90.6319823951
2474.794,91.8734123875
2474.8,91.9661223868
2474.819,92.2394223846
2474.893,93.0066823762
2474.945,93.2605723703
2475.017,93.2237223622
2475.067,92.9361423565
2475.116,92.4508523509
2475.166,91.7541923453
2475.216,90.8618623396
2475.293,89.1269523309
2475.369,87.0207423223
2475.469,83.7290723109
2475.568,79.9899522997
2475.667,75.8894622885
2475.766,71.5453922772
2475.857,67.4357222669
2475.947,63.3450822567
2476.038,59.2567722464
2476.128,55.3241922362
2476.178,53.2069022305
2476.228,51.1475922248
2476.278,49.1527732192
2476.327,47.2656452136
2476.377,45.4135662079
2476.426,43.6739392024
2476.476,41.9782641967
2476.525,40.3959661912
2476.559,39.3447531873
2476.593,38.3318991834
2476.627,37.3573431796
2476.661,36.4208761757
2476.695,35.5221481719
2476.729,34.660712168
2476.763,33.8359901642
2476.796,33.0700231604
2476.83,32.3156531566
2476.864,31.5957971527
2476.898,30.9095711489
2476.932,30.256030145
2476.966,29.6341921411
2477.0,29.0430171373
2477.034,28.4814561334
2477.067,27.9637161297
2477.117,27.228228124
2477.167,26.5486441183
2477.217,25.9214401127
2477.266,25.3542641071
2477.316,24.8206281015
2477.366,24.3292750958
2477.416,23.8770170901
2477.465,23.4687930846
2477.515,23.0850868789
2477.565,22.7318253732
2477.615,22.4064226675
2477.664,22.112218662
2477.714,21.8349961563
2477.763,21.5838380508
2477.813,21.3465702451
2477.862,21.1310078395
2477.921,20.8915129328
2477.98,20.6716553262
2478.097,20.2854489129
2478.215,19.9511898995
2478.332,19.6632235862
2478.45,19.4077489729
2478.567,19.1823208596
2478.684,18.9794891463
2478.801,18.795308433
2479.0,18.5165339105
2479.199,18.2722773879
2479.398,18.0551974653
2479.596,17.8611244429
2479.795,17.6843699203
2479.993,17.5238817979
2480.39,17.2399497628
2480.824,16.9752625436
2481.257,16.7477029345
2481.691,16.5481924853
2482.124,16.3718917862
2482.522,16.2261807211
2482.919,16.093805756
2483.713,15.860327086
2484.508,15.6591462458
2485.302,15.4828954458
2486.458,15.2594752547
2487.614,15.0653636336
2488.77,14.8927755525
2489.926,14.7365472614
2491.66,14.5251835647
2493.394,14.3340237181
2495.128,14.1572830414
2496.861,13.9909607449
2498.595,13.8315709382
2500.329,13.6769082816
2503.219,13.4242989139
2506.108,13.1711532863
2507.553,13.0418324524
2508.997,12.9094182486
2510.442,12.7726451873
2511.886,12.6303399117
2513.74,12.4367960875
2515.594,12.2275613123
2517.448,11.9977553379
2518.375,11.8731680957
2519.301,11.7408239635
2520.434,11.5663617508
2521.567,11.3755623381
2522.7,11.1649821854
2523.833,10.9301954828
2524.863,10.6909356003
2525.378,10.5603439591
2525.893,10.4213380379
2526.408,10.2729730367
2526.923,10.1141191155
2527.438,9.9434663443
2527.952,9.759840243
2528.519,9.5396696417
2529.085,9.2986895404
2529.652,9.032642239
2529.935,8.8893781384
2530.218,8.7383696377
2530.502,8.578389837
2530.785,8.4098517363
2531.068,8.2314240357
2531.351,8.042253135
2531.634,7.8414145343
2531.917,7.6279134337
2532.2,7.400701333
2532.483,7.1587066323
2532.651,7.0076321319
2532.818,6.8517405315
2532.986,6.6890118311
2533.153,6.5212896307
2533.321,6.3465717303
2533.488,6.16709443
2533.655,5.9822423296
2533.822,5.7928201292
2533.964,5.6292206288
2534.106,5.4648210285
2534.248,5.3019201282
2534.389,5.1451548278
2534.531,4.9976994275
2534.602,4.9303169273
2534.672,4.8697278272
2534.743,4.815858027
2534.814,4.7716541268
2534.885,4.7395871267
2534.955,4.7227541265
2535.026,4.7242121263
2535.097,4.7485901262
2535.168,4.800983126
2535.239,4.8874171258
2535.275,4.9464701257
2535.31,5.0149941256
2535.346,5.0980031256
2535.381,5.1920251255
2535.417,5.3037091254
2535.452,5.4281721253
2535.487,5.5696901252
2535.522,5.7297431251
2535.558,5.9153731251
2535.593,6.118000125
2535.629,6.3511111249
2535.664,6.6037171248
2535.7,6.8924091247
2535.735,7.2033471246
2535.77,7.5464161246
2535.805,7.9240061245
2535.841,8.3510451244
2535.876,8.8065081243
2535.912,9.3193541242
2535.947,9.8640411241
2535.983,10.4748831241
2536.018,11.121130124
2536.053,11.8222691239
2536.088,12.5816251238
2536.124,13.4270191237
2536.159,14.3150801236
2536.195,15.3003711236
2536.23,16.3318941235
2536.266,17.4725301234
2536.301,18.6627611233
2536.337,19.9745981232
2536.372,21.3390341231
2536.408,22.8380191231
2536.443,24.392103123
2536.479,26.0939671229
2536.514,27.8527321228
2536.55,29.7725981227
2536.585,31.7503041226
2536.62,33.8408101226
2536.655,36.0471081225
2536.681,37.7626581224
2536.707,39.5446481223
2536.758,43.2367281222
2536.803,46.7147181221
2536.848,50.402658122
2536.893,54.3027281219
2536.938,58.4159581218
2536.983,62.7421381217
2537.028,67.2796681216
2537.073,72.0255281215
2537.118,76.9751181214
2537.189,85.1832381212
2537.26,93.849838121
2537.331,102.931358121
2537.402,112.373318121
2537.486,123.91950812
2537.569,135.60974812
2537.711,155.84821812
2537.782,165.87291812
2537.852,175.55582812
2537.923,185.06423812
2537.994,194.146538119
2538.065,202.693168119
2538.136,210.598358119
2538.209,217.953048119
2538.282,224.426618119
2538.329,228.087478118
2538.376,231.327248118
2538.423,234.128818118
2538.469,236.432468118
2538.5,237.734828118
2538.532,238.864818118
2538.583,240.210658118
2538.634,240.993088118
2538.685,241.211618118
2538.736,240.870198118
2538.813,239.313438117
2538.889,236.590278117
2538.965,232.752498117
2539.04,227.951838117
2539.099,223.527828117
2539.157,218.675618117
2539.273,207.680208116
2539.349,199.711138116
2539.424,191.395958116
2539.574,173.896768116
2539.725,155.863258115
2539.801,146.885608115
2539.876,138.206778115
2539.941,130.886238115
2540.006,123.794638115
2540.071,116.964978114
2540.136,110.424068114
2540.201,104.192208114
2540.266,98.2840281139
2540.331,92.7085981138
2540.396,87.4700031136
2540.434,84.5634961135
2540.472,81.7713491134
2540.51,79.0924381134
2540.547,76.5914071133
2540.585,74.1312641132
2540.623,71.7789101131
2540.661,69.531960113
2540.698,67.4428831129
2540.736,65.3960101128
2540.774,63.4461191127
2540.812,61.5900931126
2540.849,59.8700191126
2540.887,58.1896811125
2540.924,56.6343261124
2540.962,55.1165651123
2540.999,53.7130731122
2541.044,52.1003861121
2541.089,50.585915112
2541.134,49.1641671119
2541.178,47.8585031118
2541.223,46.6044611117
2541.267,45.4529441116
2541.312,44.3468381115
2541.356,43.3308421114
2541.401,42.3543901113
2541.445,41.4568361112
2541.49,40.593407111
2541.534,39.7988461109
2541.579,39.0334971108
2541.623,38.3281561107
2541.668,37.6476471106
2541.712,37.0193731105
2541.788,36.0130781103
2541.863,35.1079661102
2541.939,34.26929011
2542.014,33.5099901098
2542.09,32.8016851096
2542.165,32.1560441095
2542.24,31.5574002093
2542.315,31.0005267091
2542.391,30.4742245089
2542.466,29.9883821087
2542.616,29.1034312084
2542.767,28.311324308
2542.917,27.6055545077
2543.068,26.9634820073
2543.219,26.379701607
2543.37,25.8459625066
2543.52,25.3587629062
2543.671,24.9062038059
2543.822,24.4871853055
2543.973,24.0979346052
2544.123,23.7375596048
2544.384,23.1652144042
2544.644,22.6545090036
2544.905,22.192338703
2545.165,21.7749692024
2545.426,21.3932203017
2545.686,21.0451728011
2545.946,20.7252700005
2546.206,20.4301671999
2546.508,20.1147711992
2546.809,19.8261809985
2547.111,19.5593478978
2547.412,19.3134240971
2547.714,19.0845127963
2548.015,18.8722412956
2548.618,18.4882738942
2549.029,18.2537529932
2549.44,18.0381002223
2549.851,17.8390374113
2550.262,17.6546602703
2551.084,17.3235186884
2551.906,17.0341209364
2552.509,16.843807535
2553.112,16.6693658536
2553.715,16.5087679922
2554.318,16.3603443207
2555.524,16.0944908279
2556.729,15.862933025
2558.154,15.6240401017
2559.579,15.4154425283
2561.004,15.2312951349
2562.429,15.0667854816
2563.635,14.9403130787
2564.841,14.8238649259
2567.252,14.6159607502
2569.664,14.4346280045
2572.075,14.2741262688
2575.145,14.0931767115
2578.214,13.9327717523
2581.283,13.788390659
2584.352,13.6562551607
2589.175,13.4678696564
2593.998,13.296675963
2598.821,13.1370948835
2603.644,12.9845079272
2608.905,12.8209754727
2612.413,12.7107600104
2615.921,12.5971131411
2619.429,12.4773794699
2622.936,12.3475741256
2625.129,12.2589244144
2627.321,12.1623232652
2629.514,12.055067033
2631.706,11.9336223178
2632.912,11.858747915
2634.118,11.7766500322
2635.324,11.6857387193
2636.529,11.5839933864
2637.68,11.4740594237
2638.831,11.348288971
2639.982,11.2020846183
2641.133,11.0288691556
2641.736,10.9241799041
2642.339,10.8074349727
2642.942,10.6761606113
2643.544,10.5273497899
2644.147,10.3561963084
2644.449,10.2604018677
2644.75,10.157030957
2645.052,10.0443037363
2645.353,9.9216208756
2645.655,9.7865595649
2645.956,9.6380783642
2646.285,9.4572147634
2646.45,9.358196563
2646.614,9.2537510626
2646.779,9.1423400622
2646.943,9.0253474618
2647.107,8.9027360614
2647.271,8.7762143611
2647.422,8.6593350607
2647.573,8.5473294603
2647.649,8.4953445602
2647.724,8.44881976
2647.799,8.4088943598
2647.874,8.3778507596
2647.95,8.3583060595
2648.025,8.3541801593
2648.101,8.3695161591
2648.176,8.4087446589
2648.252,8.4786862587
2648.327,8.5840886586
2648.402,8.7331448584
2648.477,8.9343478582
2648.529,9.1094418581
2648.58,9.313295858
2648.632,9.5575468578
2648.683,9.8365698577
2648.735,10.1653768576
2648.786,10.5354778575
2648.837,10.9570008574
2648.888,11.4343238572
2648.94,11.9830858571
2648.991,12.586779857
2649.043,13.2738068569
2649.094,14.0223048568
2649.146,14.8662018566
2649.197,15.7773358565
2649.248,16.7751208564
2649.299,17.8632438563
2649.337,18.7347008562
2649.375,19.6593478561
2649.413,20.638222856
2649.45,21.6442498559
2649.488,22.7324648558
2649.526,23.8768508557
2649.564,25.0776248556
2649.601,26.3009518556
2649.639,27.6126378555
2649.677,28.9798178554
2649.752,31.8372678552
2649.827,34.896757855
2649.902,38.1429478548
2649.998,42.5371978546
2650.094,47.1479078544
2650.19,51.9063078542
2650.286,56.7315278539
2650.403,62.5700778537
2650.519,68.1472278534
2650.594,71.5559178532
2650.669,74.752347853
2650.727,77.0490578529
2650.785,79.1705178528
2650.861,81.6536478526
2650.92,83.3270078524
2650.961,84.3497778523
2651.004,85.2933978522
2651.075,86.5510578521
2651.1,86.902427852
2651.12,87.148627852
2651.162,87.5637778519
2651.203,87.8349778518
2651.273,87.9908578516
2651.343,87.7618878514
2651.418,87.0990078513
2651.487,86.1221878511
2651.556,84.8127378509
2651.626,83.1680578508
2651.695,81.2623078506
2651.802,77.8196178504
2651.909,73.8930278501
2652.048,68.2823278498
2652.186,62.3995878494
2652.325,56.4210278491
2652.394,53.504927849
2652.463,50.6555278488
2652.533,47.8538578486
2652.602,45.1972768485
2652.671,42.6589118483
2652.74,40.2494518481
2652.775,39.0790968481
2652.809,37.976552848
2652.844,36.8774958479
2652.878,35.8450668478
2652.913,34.8187438477
2652.947,33.8572378477
2652.982,32.9039128476
2653.016,32.0130398475
2653.051,31.1318848474
2653.086,30.2867488473
2653.121,29.4770708472
2653.155,28.7238758472
2653.19,27.9821488471
2653.224,27.293538847
2653.259,26.6166978469
2653.293,25.9894418468
2653.328,25.3739588468
2653.362,24.8044688467
2653.397,24.2464748466
2653.431,23.7308938465
2653.466,23.2263598464
2653.5,22.7606908463
2653.535,22.3054548463
2653.569,21.8856638462
2653.636,21.119364846
2653.702,20.4376338459
2653.768,19.8217488457
2653.834,19.2653188456
2653.9,18.7623379454
2653.966,18.3072336452
2654.032,17.8949153451
2654.098,17.5207165449
2654.164,17.1805127448
2654.23,16.8706272446
2654.296,16.5878560445
2654.362,16.3295121443
2654.428,16.0933298442
2654.494,15.877519544
2654.56,15.6807325438
2654.626,15.5020580437
2654.727,15.2627399434
2654.827,15.0668080432
2654.878,14.9833161431
2654.928,14.912888743
2654.978,14.8544504429
2655.028,14.8087942427
2655.098,14.7681949426
2655.167,14.7574741424
2655.236,14.7792695422
2655.305,14.8374408421
2655.375,14.9380418419
2655.444,15.0829438418
2655.513,15.2783158416
2655.582,15.5294728414
2655.617,15.6799448413
2655.652,15.8469018413
2655.687,16.0310698412
2655.721,16.2271568411
2655.756,16.447375841
2655.79,16.6798298409
2655.825,16.9388418409
2655.859,17.2102518408
2655.894,17.5106358407
2655.928,17.8234028406
2655.963,18.1675138405
2655.997,18.5237818404
2656.032,18.9136318404
2656.066,19.3151748403
2656.101,19.7523688402
2656.135,20.2005138401
2656.205,21.19664884
2656.274,22.2757798398
2656.343,23.4507518396
2656.412,24.7193238395
2656.482,26.0979698393
2656.551,27.5416498391
2656.62,29.062056839
2656.689,30.6500778388
2656.79,33.0735778386
2656.891,35.5784078383
2656.992,38.1182578381
2657.092,40.6173578379
2657.149,42.0148678377
2657.205,43.3568578376
2657.262,44.6816778375
2657.318,45.9336978373
2657.384,47.3343578372
2657.45,48.641287837
2657.469,48.998397837
2657.538,50.2172078368
2657.588,51.0190878367
2657.623,51.5373778366
2657.651,51.9255978365
2657.683,52.3398078365
2657.7,52.5468578364
2657.714,52.7105178364
2657.752,53.1231778363
2657.794,53.5249678362
2657.836,53.8691378361
2657.885,54.197467836
2657.969,54.5776178358
2658.001,36.8240618357
3000.0,35.1131470275
3162.278,34.452168644
3500.0,33.0765725055
3981.072,31.494924337
4000.0,31.43269405
5000.0,28.913989888
5011.872,28.891850708
6000.0,27.0493840919
6309.573,26.608841766
7200.0,25.3416999285
7943.282,24.523868221
8500.0,23.9113081799
10000.0,22.615562986
11000.0,21.9003461625
12500.0,20.9893734272
12589.25,20.946163086
15000.0,19.7789765036
15848.93,19.4350401856
16000.0,19.3738408966
17000.0,19.0037419833
19952.62,18.073853334
20000.0,18.0589282683
21000.0,17.7880348822
25118.86,16.863641173
26000.0,16.6658818349
31000.0,15.8128432788
31622.78,15.7281349864
36000.0,15.1327357399
39810.72,14.7051740007
41000.0,14.5717319243
46000.0,14.0970787214
50118.72,13.7597062715
51000.0,13.6875201897
56000.0,13.3285711585
61000.0,13.0099375273
63095.73,12.8901468951
66000.0,12.7241328589
71000.0,12.4655078078
76000.0,12.2297280567
79432.82,12.0812137411
81000.0,12.0134110711
86000.0,11.8138322289
91000.0,11.6288200867
96000.0,11.4565886444
100000.0,11.3278392106
101000.0,11.2956519413
106000.0,11.1447613949
111000.0,11.0028840485
116000.0,10.8691141021
121000.0,10.7426994557
125892.5,10.6255319167
126000.0,10.622961412
131000.0,10.509334094
136000.0,10.401304776
141000.0,10.298429258
146000.0,10.20031734
151000.0,10.106614822
156000.0,10.0170110039
158489.3,9.9743020954
161000.0,9.93122689866
166000.0,9.849006206
171000.0,9.77012151335
176000.0,9.69436672069
181000.0,9.62155162804
186000.0,9.55150603538
191000.0,9.48407124272
196000.0,9.41910295007
199526.2,9.3749299142
201000.0,9.35646798248
206000.0,9.29604367487
250000.0,8.84429782788
251188.6,8.8345515023
276000.0,8.63111083676
316227.8,8.3796004441
345999.9,8.19346089266
346000.1,8.19078369266
346565.9,8.18779788788
346566.0,8.18779768788
396000.0,7.9269450704
398107.2,7.915853273
400000.0,7.90589005224
500000.0,7.60350003342
501187.2,7.602055283
550000.0,7.54266960802
600000.0,7.48184018465
619486.0,7.45813363662
620000.0,7.45750818931
630957.3,7.4441776599
650000.0,7.42101003743
670000.0,7.39667764303
700000.0,7.36018025142
750000.0,7.33706026542
760415.5,7.33224374693
760416.0,7.33224344893
800000.0,7.31394027941
830000.0,7.31250588781
850000.0,7.31155029341
870000.0,7.310593699
900000.0,7.3091605074
920000.0,7.305327847
930000.0,7.3034116168
936718.0,7.30212520869
936718.4,7.30212327469
940000.0,7.3014963866
950000.0,7.2995799564
970000.0,7.295747196
1000000.0,7.2900001054
1020000.0,7.28393346457
1043890.0,7.2766862177
1050000.0,7.27483270333
1054808.0,7.27337401459
1054810.0,7.27337331661
1070000.0,7.2687652625
1089790.0,7.26276267999
1100000.0,7.25966520125
1109620.0,7.25674684881
1116530.0,7.2546506978
1116535.0,7.25463482684
1120000.0,7.25359776042
1121660.0,7.25309404663
1122630.0,7.25280004035
1130648.0,7.25036776316
1130650.0,7.25036743918
1134090.0,7.24932599356
1134330.0,7.24925272247
1150000.0,7.24449839918
1152720.0,7.24367266182
1153700.0,7.24337573462
1156080.0,7.24265375856
1158610.0,7.2418860017
1162840.0,7.24060273436
1165530.0,7.23978680077
1169250.0,7.23865768638
1170000.0,7.23843045835
1186660.0,7.23337693093
1200000.0,7.2293295971
1220000.0,7.21553082933
1235530.0,7.20481548401
1250000.0,7.19483192658
1270000.0,7.18103215882
1290770.0,7.16670148074
1290774.0,7.16669757667
1300000.0,7.16033336127
1310000.0,7.15343341938
1320000.0,7.1465341875
1323380.0,7.14420225625
1327170.0,7.14158765431
1327175.0,7.14157531954
1330000.0,7.13963485962
1340000.0,7.13273463773
1350000.0,7.12583503185
1370000.0,7.11203541208
1400000.0,7.09133608043
1420000.0,7.07753775567
1443540.0,7.06129574831
1443542.0,7.06129238232
1450000.0,7.05683845002
1470000.0,7.04303868225
1470228.0,7.04288185076
1470230.0,7.04288028377
1480240.0,7.03597573395
1480244.0,7.03597261898
1500000.0,7.0223393216
1520000.0,7.01033081444
1550000.0,6.9923171877
1560500.0,6.98601222609
1560504.0,6.98600866611
1570000.0,6.98030775654
1600000.0,6.9622950548
1616260.0,6.95253211042
1616261.0,6.95253008342
1620000.0,6.95028605364
1650000.0,6.9322733019
1654320.0,6.92967939957
1654322.0,6.92967645558
1670000.0,6.92026442274
1679146.0,6.91477275209
1679150.0,6.91477059111
1700000.0,6.9022505812
1703648.0,6.90005986849
1703650.0,6.9000591355
1720000.0,6.89024231174
1750000.0,6.8722280351
1758379.0,6.86719778669
1758380.0,6.86719677269
1767640.0,6.86163704455
1770000.0,6.86021952484
1783330.0,6.8522153565
1783333.0,6.85221144924
1800000.0,6.84220604394
1819660.0,6.83040080332
1819663.0,6.83039907747
1820000.0,6.83019700925
1850000.0,6.81218395346
1851830.0,6.81108479376
1851835.0,6.81107937312
1873940.0,6.7978089286
1873941.0,6.79780801244
1874410.0,6.79752634175
1874414.0,6.79752146184
1880000.0,6.79417054283
1892780.0,6.78649684666
1892785.0,6.78649400663
1900000.0,6.78216148221
1928138.0,6.76526635907
1928140.0,6.76526466147
1930000.0,6.7641477902
1950000.0,6.75213813345
1954049.0,6.74970746476
1954050.0,6.74970699199
1970000.0,6.74013044595
1975028.0,6.73711039463
1975030.0,6.73710913326
1988788.0,6.7288484067
1988790.0,6.72884748134
2000000.0,6.72211659827
2011150.0,6.7154214853
2011156.0,6.71541771951
2024987.0,6.70711245457
2024990.0,6.70711070636
3000000.0,6.12166996492
4000000.0,5.56733960473
4500000.0,5.34322012844
5000000.0,5.17190037296
5500000.0,5.04444999781
5976418.0,4.95384425064
6000000.0,4.94935991507
6300000.0,4.92042225681
6500000.0,4.90112970971
6800000.0,4.88528367508
7000000.0,4.87471983243
7300000.0,4.8705309525
7391750.0,4.86924994048
7500000.0,4.86773928032
7800000.0,4.86355063077
8000000.0,4.86705005583
8500000.0,4.89545334856
8646026.0,4.90374758682
8646027.0,4.90374757538
9000000.0,4.9238547311
10000000.0,4.98066051495
10500000.0,5.01688026183
11000000.0,5.05310058359
11500000.0,5.0893202735
12000000.0,5.12553991369
13000000.0,5.15951015221
14000000.0,5.17897979032
15000000.0,5.18025013999
15187170.0,5.17544595032
15187180.0,5.17544563102
15377400.0,5.1705633997
16000000.0,5.15458544906
17000000.0,5.12892026944
18000000.0,5.08745982885
19000000.0,5.02680032935
20000000.0,4.96614023146
