E_eV,Sig_b
1e-05,33.2167
1.03125e-05,32.7234
1.0625e-05,32.2523
1.09375e-05,31.8017
1.125e-05,31.3701
1.15625e-05,30.9564
1.1875e-05,30.5593
1.21875e-05,30.1777
1.25e-05,29.8106
1.28125e-05,29.4573
1.3125e-05,29.1167
1.34375e-05,28.7883
1.375e-05,28.4712
1.4375e-05,27.8688
1.5e-05,27.3049
1.5625e-05,26.7757
1.625e-05,26.2777
1.6875e-05,25.808
1.75e-05,25.3641
1.8125e-05,24.9437
1.875e-05,24.5449
1.9375e-05,24.1658
2e-05,23.805
2.09375e-05,23.2948
2.1875e-05,22.8184
2.28125e-05,22.3723
2.375e-05,21.9533
2.46875e-05,21.559
2.5625e-05,21.1869
2.65625e-05,20.8352
2.75e-05,20.502
2.84375e-05,20.1859
2.9375e-05,19.8853
3.03125e-05,19.5992
3.125e-05,19.3264
3.21875e-05,19.0659
3.3125e-05,18.8169
3.40625e-05,18.5785
3.5e-05,18.35
3.59375e-05,18.1308
3.6875e-05,17.9203
3.78125e-05,17.7179
3.875e-05,17.5231
3.96875e-05,17.3355
4.0625e-05,17.1547
4.25e-05,16.8117
4.4375e-05,16.4915
4.625e-05,16.1917
4.8125e-05,15.9103
5e-05,15.6455
5.15625e-05,15.4364
5.3125e-05,15.237
5.46875e-05,15.0466
5.625e-05,14.8646
5.78125e-05,14.6903
5.9375e-05,14.5233
6.09375e-05,14.363
6.25e-05,14.2091
6.40625e-05,14.0612
6.5625e-05,13.9188
6.71875e-05,13.7817
6.875e-05,13.6496
7.1875e-05,13.3991
7.5e-05,13.1653
7.8125e-05,12.9466
8.125e-05,12.7413
8.4375e-05,12.5483
8.75e-05,12.3664
9.0625e-05,12.1947
9.375e-05,12.0322
9.6875e-05,11.8782
0.0001,11.7321
0.000103125,11.5931
0.00010625,11.4608
0.000109375,11.3347
0.0001125,11.2143
0.000115625,11.0992
0.00011875,10.9891
0.000121875,10.8836
0.000125,10.7825
0.000128125,10.6854
0.00013125,10.5921
0.000134375,10.5024
0.0001375,10.4161
0.00014375,10.2529
0.00015,10.101
0.00015625,9.95923
0.0001625,9.82662
0.00016875,9.70228
0.000175,9.58541
0.00018125,9.47536
0.0001875,9.37151
0.00019375,9.27336
0.0002,9.18041
0.000209375,9.04989
0.00021875,8.92895
0.000228125,8.81655
0.0002375,8.7118
0.000246875,8.61393
0.00025625,8.52226
0.000265625,8.43621
0.000275,8.35527
0.000284375,8.27899
0.00029375,8.20696
0.000303125,8.13884
0.0003125,8.07432
0.000321875,8.01309
0.00033125,7.95493
0.000340625,7.89959
0.00035,7.84687
0.000359375,7.79659
0.00036875,7.74858
0.000378125,7.70269
0.0003875,7.65877
0.000396875,7.6167
0.00040625,7.57637
0.000425,7.50047
0.00044375,7.43033
0.0004625,7.3653
0.00048125,7.30483
0.0005,7.24845
0.000515625,7.20429
0.00053125,7.16248
0.000546875,7.12283
0.0005625,7.08517
0.000578125,7.04936
0.00059375,7.01525
0.000609375,6.98272
0.000625,6.95167
0.000640625,6.922
0.00065625,6.8936
0.000671875,6.8664
0.0006875,6.84033
0.00071875,6.79127
0.00075,6.74593
0.00078125,6.70389
0.0008125,6.66479
0.00084375,6.62832
0.000875,6.59422
0.00090625,6.56226
0.0009375,6.53223
0.00096875,6.50395
0.001,6.47728
0.00103125,6.45207
0.0010625,6.42821
0.00109375,6.40558
0.001125,6.38408
0.00115625,6.36363
0.0011875,6.34416
0.00121875,6.32558
0.00125,6.30785
0.00128125,6.29089
0.0013125,6.27466
0.00134375,6.2591
0.001375,6.24418
0.0014375,6.2161
0.0015,6.19011
0.0015625,6.16599
0.001625,6.14353
0.0016875,6.12256
0.00175,6.10293
0.0018125,6.0845
0.001875,6.06717
0.0019375,6.05083
0.002,6.0354
0.00209375,6.01379
0.0021875,5.99383
0.00228125,5.97532
0.002375,5.9581
0.00246875,5.94203
0.0025625,5.927
0.00265625,5.91291
0.00275,5.89966
0.00284375,5.88718
0.0029375,5.87539
0.00303125,5.86425
0.003125,5.85369
0.00321875,5.84367
0.0033125,5.83414
0.00340625,5.82507
0.0035,5.81642
0.00359375,5.80817
0.0036875,5.80028
0.00378125,5.79273
0.003875,5.78549
0.00396875,5.77856
0.0040625,5.7719
0.00425,5.75934
0.0044375,5.7477
0.004625,5.73688
0.0048125,5.72679
0.005,5.71734
0.00515625,5.70993
0.0053125,5.70288
0.00546875,5.69619
0.005625,5.68981
0.00578125,5.68373
0.0059375,5.67792
0.00609375,5.67236
0.00625,5.66704
0.00640625,5.66195
0.0065625,5.65705
0.00671875,5.65236
0.006875,5.64784
0.0071875,5.63931
0.0075,5.63139
0.0078125,5.624
0.008125,5.61709
0.0084375,5.61062
0.00875,5.60454
0.0090625,5.59881
0.009375,5.5934
0.0096875,5.58829
0.01,5.58344
0.0103125,5.57884
0.010625,5.57447
0.0109375,5.57031
0.01125,5.56634
0.0115625,5.56255
0.011875,5.55893
0.0121875,5.55546
0.0125,5.55214
0.0128125,5.54895
0.013125,5.54589
0.0134375,5.54295
0.01375,5.54012
0.014375,5.53476
0.015,5.52977
0.015625,5.52512
0.01625,5.52076
0.016875,5.51667
0.0175,5.51282
0.018125,5.50918
0.01875,5.50575
0.019375,5.5025
0.02,5.49942
0.0206625,5.49632
0.021325,5.49338
0.0219875,5.49058
0.02265,5.48792
0.0233125,5.48538
0.023975,5.48295
0.0246375,5.48064
0.0253,5.47842
0.0264578,5.47476
0.0276156,5.47135
0.0287734,5.46816
0.0299312,5.46518
0.0310891,5.46237
0.0322469,5.45973
0.0334047,5.45724
0.0345625,5.45488
0.0355273,5.45301
0.0364922,5.45122
0.037457,5.4495
0.0384219,5.44786
0.0393867,5.44628
0.0403516,5.44475
0.0413164,5.44329
0.0422812,5.44188
0.0442109,5.43921
0.0461406,5.43671
0.0480703,5.43438
0.05,5.43219
0.0515625,5.43052
0.053125,5.42892
0.0546875,5.4274
0.05625,5.42594
0.0578125,5.42455
0.059375,5.42321
0.0609375,5.42193
0.0625,5.4207
0.0640625,5.41952
0.065625,5.41838
0.0671875,5.41729
0.06875,5.41623
0.071875,5.41423
0.075,5.41236
0.078125,5.4106
0.08125,5.40896
0.084375,5.40741
0.0875,5.40594
0.090625,5.40456
0.09375,5.40325
0.096875,5.402
0.1,5.40082
0.103125,5.39969
0.10625,5.39862
0.109375,5.39759
0.1125,5.3966
0.115625,5.39566
0.11875,5.39476
0.121875,5.39389
0.125,5.39306
0.128125,5.39226
0.13125,5.39148
0.134375,5.39074
0.1375,5.39002
0.14375,5.38866
0.15,5.38738
0.15625,5.38618
0.1625,5.38506
0.16875,5.38399
0.175,5.38299
0.18125,5.38204
0.1875,5.38113
0.19375,5.38027
0.2,5.37946
0.209375,5.3783
0.21875,5.37722
0.228125,5.3762
0.2375,5.37525
0.246875,5.37435
0.25625,5.3735
0.265625,5.37269
0.275,5.37193
0.284375,5.3712
0.29375,5.37051
0.303125,5.36984
0.3125,5.36921
0.321875,5.36861
0.33125,5.36803
0.340625,5.36747
0.35,5.36693
0.359375,5.36642
0.36875,5.36592
0.378125,5.36544
0.3875,5.36498
0.396875,5.36454
0.40625,5.36411
0.425,5.36328
0.44375,5.36251
0.4625,5.36178
0.5,5.36044
0.53125,5.35942
0.5625,5.35848
0.59375,5.35761
0.625,5.35679
0.6875,5.35531
0.75,5.35399
0.8125,5.3528
0.875,5.35172
0.9375,5.35072
1,5.3498
1.0625,5.34894
1.125,5.34813
1.1875,5.34737
1.25,5.34665
1.375,5.34532
1.5,5.34409
1.625,5.34296
1.75,5.3419
1.875,5.3409
2,5.33995
2.1875,5.33861
2.375,5.33734
2.5625,5.33614
2.75,5.33499
2.9375,5.33389
3.125,5.33283
3.3125,5.33179
3.5,5.33079
3.875,5.32884
4.25,5.32698
4.625,5.32517
5,5.32342
5.3125,5.32198
5.625,5.32057
5.9375,5.31919
6.25,5.31782
6.875,5.31513
7.5,5.3125
8.125,5.30991
8.75,5.30735
9.375,5.30483
10,5.30234
10.625,5.29986
11.25,5.29741
11.875,5.29498
12.5,5.29257
13.75,5.28778
15,5.28305
16.25,5.27836
17.5,5.27372
18.75,5.26911
20,5.26453
21.875,5.25773
23.75,5.25099
25.625,5.2443
27.5,5.23767
29.375,5.2311
31.25,5.22457
33.125,5.21809
35,5.21166
36.875,5.20527
38.75,5.19893
42.5,5.18636
46.25,5.17396
50,5.16171
53.125,5.15162
56.25,5.14162
59.375,5.13173
62.5,5.12194
65.625,5.11224
68.75,5.10263
75,5.08369
81.25,5.0651
87.5,5.04686
93.75,5.02895
100,5.01136
106.25,4.99408
112.5,4.9771
118.75,4.96041
125,4.94401
131.25,4.92789
137.5,4.91204
143.75,4.89646
150,4.88113
162.5,4.85122
175,4.82225
187.5,4.79419
200,4.76699
209.375,4.74713
218.75,4.72771
237.5,4.69015
256.25,4.6542
275,4.61974
293.75,4.58668
312.5,4.55493
331.25,4.52442
350,4.49506
368.75,4.46679
387.5,4.43955
425,4.3879
462.5,4.33971
500,4.29461
531.25,4.25915
562.5,4.22546
593.75,4.1934
625,4.16284
687.5,4.10573
750,4.05335
812.5,4.00504
875,3.96026
937.5,3.91853
1000,3.87949
1125,3.80813
1250,3.74405
1375,3.68561
1500,3.63152
1625,3.58075
1750,3.53241
1906.25,3.47426
2000,3.44004
2074.99,3.41279
2149.97,3.38548
2224.96,3.35795
2262.45,3.34405
2299.95,3.33004
2346.82,3.31232
2370.25,3.30337
2393.68,3.29435
2417.12,3.28526
2428.83,3.28068
2440.55,3.27609
2452.27,3.27149
2463.98,3.26688
2475.7,3.26226
2487.42,3.25763
2496.79,3.25393
2506.16,3.25026
2515.54,3.24661
2524.91,3.24302
2530.18,3.24104
2535.45,3.23912
2540.73,3.23725
2546,3.23549
2551.27,3.23386
2556.54,3.23246
2559.18,3.23186
2561.82,3.23139
2564.45,3.23106
2567.09,3.23094
2569.43,3.23105
2571.78,3.23145
2574.12,3.23226
2576.46,3.23363
2578.81,3.2358
2579.98,3.23731
2581.15,3.23924
2582.32,3.24169
2583.49,3.24479
2584.66,3.24877
2585.84,3.25394
2586.75,3.25909
2587.67,3.26551
2588.58,3.27367
2589.5,3.28428
2590.41,3.29839
2591.33,3.31762
2591.79,3.32995
2592.24,3.34469
2592.7,3.36261
2593.16,3.38463
2593.51,3.40502
2593.86,3.4295
2594.2,3.45931
2594.55,3.49623
2594.9,3.54307
2595.07,3.57158
2595.25,3.60467
2595.42,3.6437
2595.59,3.69075
2595.77,3.74901
2595.94,3.82298
2596.04,3.87415
2596.13,3.93387
2596.23,4.00491
2596.33,4.09019
2596.42,4.19333
2596.52,4.31884
2596.62,4.47231
2596.71,4.66051
2596.81,4.89165
2596.86,5.02631
2596.9,5.1755
2596.95,5.34073
2597,5.5236
2597.05,5.72585
2597.09,5.94933
2597.14,6.19603
2597.19,6.46804
2597.24,6.7676
2597.29,7.09703
2597.34,7.45879
2597.38,7.85545
2597.43,8.28964
2597.48,8.76411
2597.53,9.3155
2597.58,9.9066
2597.63,10.5645
2597.68,11.2666
2597.73,12.0445
2597.78,12.8709
2597.83,13.7635
2597.88,14.7253
2597.93,15.7804
2597.98,16.8901
2598.03,18.1011
2598.08,19.3678
2598.14,20.7424
2598.18,22.1722
2598.24,23.6838
2598.29,25.2773
2598.35,27.2966
2598.4,29.3942
2598.46,31.6376
2598.52,33.947
2598.58,36.394
2598.64,38.889
2598.76,44.1483
2599.13,61.197
2599.23,65.7221
2599.33,69.9498
2599.43,73.8636
2599.53,77.2898
2599.63,80.2071
2599.68,81.4247
2599.73,82.4807
2599.78,83.3359
2599.83,84.0301
2599.89,84.7297
2599.98,85.1257
2600,85.1387
2600.07,84.9689
2600.14,84.4451
2600.19,83.7786
2600.28,82.1459
2600.34,80.9151
2600.39,79.5208
2600.45,77.9531
2600.5,76.2244
2600.6,72.6808
2600.7,68.7285
2600.81,64.0167
2600.92,59.0518
2601.13,49.3248
2601.23,44.5361
2601.33,39.9532
2601.41,36.7542
2601.48,33.7349
2601.56,30.8675
2601.63,28.164
2601.7,25.6329
2601.74,24.4336
2601.78,23.2789
2601.82,22.1691
2601.85,21.1041
2601.89,20.0836
2601.93,19.1074
2601.98,17.7369
2602.03,16.4832
2602.09,15.2972
2602.14,14.219
2602.2,13.2053
2602.25,12.2893
2602.31,11.4479
2602.36,10.6772
2602.42,9.9606
2602.47,9.32005
2602.53,8.72753
2602.58,8.20049
2602.63,7.71525
2602.69,7.28556
2602.74,6.89843
2602.8,6.55029
2602.85,6.23231
2602.91,5.95279
2602.96,5.69828
2603.01,5.47516
2603.07,5.27249
2603.12,5.09518
2603.18,4.93712
2603.23,4.79628
2603.29,4.66862
2603.34,4.55707
2603.45,4.36743
2603.56,4.21664
2603.67,4.09707
2603.78,3.99975
2603.88,3.92057
2603.99,3.85541
2604.1,3.80155
2604.32,3.71659
2604.53,3.65274
2604.77,3.59825
2605.01,3.55481
2605.25,3.519
2605.48,3.48887
2605.72,3.46304
2605.96,3.44085
2606.43,3.40455
2606.91,3.3762
2607.38,3.35366
2607.86,3.33537
2608.33,3.32028
2608.84,3.30669
2609.36,3.29535
2610.39,3.27758
2611.41,3.26445
2612.44,3.25445
2613.47,3.24662
2614.5,3.2403
2615.53,3.23511
2616.55,3.23078
2617.9,3.22611
2619.24,3.22227
2620.59,3.21906
2621.93,3.21632
2624.62,3.21189
2627.3,3.20833
2629.99,3.20538
2632.68,3.20285
2635.37,3.20061
2638.06,3.19858
2640.75,3.19671
2643.43,3.19498
2646.12,3.1933
2648.81,3.19172
2654.19,3.18869
2659.56,3.18581
2664.94,3.18303
2670.32,3.18031
2675.69,3.17764
2681.07,3.175
2688.03,3.17161
2694.98,3.16824
2701.94,3.16488
2708.9,3.16151
2722.81,3.15477
2736.73,3.14799
2750.64,3.14115
2764.56,3.13424
2792.39,3.12016
2820.22,3.10571
2848.05,3.09082
2875.88,3.07547
2903.71,3.05961
2944.19,3.0355
2999.85,3.00004
3055.51,2.96147
3111.18,2.91914
3166.84,2.8722
3222.5,2.8194
3278.16,2.75936
3333.82,2.69013
3389.48,2.60893
3445.14,2.51138
3472.97,2.45477
3500.8,2.39164
3528.64,2.32053
3556.47,2.23987
3584.3,2.14757
3612.12,2.04074
3628.57,1.96899
3645.02,1.89026
3661.46,1.80267
3677.91,1.705
3691.82,1.61314
3705.74,1.51149
3712.69,1.45659
3719.65,1.39861
3726.61,1.33738
3733.57,1.27275
3744.32,1.16534
3749.7,1.108
3755.07,1.0481
3760.45,0.985528
3765.83,0.920399
3771.2,0.852287
3776.58,0.781358
3784.17,0.676518
3791.76,0.566649
3799.35,0.452922
3806.94,0.337727
3811.68,0.266841
3814.05,0.232336
3816.43,0.198796
3817.61,0.182473
3818.8,0.166549
3819.99,0.151082
3821.17,0.136121
3822.36,0.121731
3823.54,0.107984
3824.73,0.0949641
3825.91,0.0827615
3827.1,0.0714771
3828.29,0.0612222
3829.47,0.052119
3830.66,0.0442962
3831.84,0.0378889
3833.03,0.0330748
3833.62,0.031334
3834.22,0.0300731
3834.81,0.0293171
3835.4,0.0290923
3836.27,0.0297834
3836.71,0.0306112
3837.14,0.0317781
3838.01,0.0351852
3838.88,0.0401165
3839.75,0.0467121
3840.62,0.0550962
3841.49,0.0654402
3842.36,0.0778858
3843.23,0.092642
3844.1,0.109893
3844.97,0.129854
3845.84,0.152731
3846.71,0.178836
3847.14,0.193176
3847.58,0.208425
3848.01,0.224622
3848.45,0.241808
3848.88,0.260027
3849.32,0.279279
3849.75,0.2997
3850.19,0.321298
3850.62,0.344124
3851.06,0.368234
3851.49,0.393687
3851.93,0.420542
3852.36,0.448865
3852.8,0.478652
3853.23,0.51011
3853.67,0.543249
3854.1,0.578145
3854.54,0.614796
3854.97,0.653456
3855.41,0.694136
3855.84,0.736932
3856.28,0.78184
3856.71,0.829174
3857.14,0.878948
3857.58,0.93128
3858.01,0.986298
3858.45,1.04414
3858.88,1.10493
3859.32,1.16885
3859.75,1.23587
3860.19,1.30648
3860.62,1.38071
3861.06,1.45874
3861.49,1.54078
3861.93,1.62704
3862.36,1.71775
3862.8,1.81314
3863.23,1.91323
3863.67,2.01876
3864.1,2.1298
3864.54,2.24664
3864.97,2.36963
3865.41,2.4991
3865.84,2.63544
3866.28,2.77904
3866.71,2.92998
3867.15,3.08941
3867.58,3.25748
3868.02,3.43472
3868.45,3.62124
3868.89,3.81851
3869.32,4.02677
3869.76,4.2467
3870.19,4.47851
3870.62,4.72408
3871.06,4.98376
3871.49,5.25849
3871.93,5.54929
3872.36,5.85725
3872.8,6.18357
3873.24,6.52953
3873.67,6.89565
3874.1,7.28514
3874.54,7.6988
3874.97,8.13839
3875.41,8.60583
3875.84,9.10321
3876.28,9.63281
3876.71,10.1972
3877.15,10.7978
3877.58,11.4404
3878.02,12.1273
3878.45,12.8622
3878.89,13.6491
3879.32,14.4926
3879.76,15.3976
3880.19,16.3696
3880.63,17.4121
3881.06,18.5369
3881.5,19.749
3881.93,21.057
3882.37,22.4668
3882.8,23.9955
3883.24,25.6519
3883.67,27.4492
3884.11,29.3978
3884.54,31.5235
3884.98,33.8411
3885.41,36.3725
3885.85,39.1424
3886.28,42.1788
3886.71,45.5138
3887.15,49.1843
3887.58,53.2226
3887.8,55.4077
3888.02,57.6955
3888.24,60.1144
3888.45,62.6499
3888.67,65.3337
3888.89,68.1499
3889.11,71.1343
3889.32,74.2695
3889.54,77.5956
3889.76,81.094
3889.98,84.8095
3890.19,88.7218
3890.41,92.8816
3890.63,97.2664
3890.85,101.912
3891.06,106.835
3891.26,111.586
3891.46,116.6
3891.66,121.893
3891.85,127.454
3892.05,133.357
3892.25,139.561
3892.45,146.15
3892.64,153.077
3892.84,160.436
3893.04,168.213
3893.24,176.434
3893.44,185.075
3893.63,194.251
3893.83,203.892
3894.03,214.12
3894.22,224.858
3894.43,236.888
3894.64,249.541
3894.85,262.902
3894.95,269.858
3895.06,277.002
3895.16,284.339
3895.27,291.873
3895.37,299.611
3895.47,307.557
3895.58,315.718
3895.68,324.102
3895.79,332.718
3895.89,341.575
3895.98,349.62
3896.07,357.782
3896.16,366.249
3896.26,374.85
3896.35,383.784
3896.44,392.873
3896.53,402.33
3896.62,411.967
3896.67,416.95
3896.71,422.012
3896.76,427.155
3896.81,432.266
3896.85,437.575
3896.9,442.973
3896.94,448.46
3896.99,453.918
3897.03,459.592
3897.08,465.362
3897.13,471.233
3897.17,477.074
3897.22,483.149
3897.26,489.329
3897.31,495.617
3897.35,501.874
3897.4,508.951
3897.45,516.16
3897.5,523.502
3897.55,530.979
3897.6,538.591
3897.65,546.336
3897.7,554.215
3897.75,562.225
3897.85,578.631
3897.95,595.529
3898.05,612.879
3898.15,630.449
3898.3,656.2
3898.44,682.187
3898.72,734.321
3898.9,766.826
3899.09,797.238
3899.21,816.282
3899.34,833.549
3899.43,844.944
3899.52,854.997
3899.61,863.828
3899.7,871.161
3899.8,877.693
3899.91,882.274
3900,884.696
3900.01,884.827
3900.03,885.161
3900.06,885.375
3900.11,885.452
3900.2,884.251
3900.29,881.585
3900.39,877.467
3900.48,871.824
3900.57,864.81
3900.66,856.521
3900.75,847.171
3900.84,836.67
3900.94,825.235
3901.12,800.212
3901.52,738.981
3901.61,724.439
3901.7,709.92
3901.8,695.502
3901.89,681.407
3901.98,667.382
3902.07,653.779
3902.16,640.336
3902.25,627.37
3902.33,616.946
3902.4,606.765
3902.48,596.831
3902.55,587.145
3902.63,577.703
3902.7,568.503
3902.78,559.538
3902.85,550.802
3902.93,542.287
3903,533.984
3903.08,525.883
3903.15,517.975
3903.23,510.251
3903.3,502.7
3903.38,495.313
3903.45,488.082
3903.5,483.249
3903.55,478.575
3903.65,469.405
3903.75,460.459
3903.85,451.723
3903.95,443.183
3904.05,434.828
3904.15,426.648
3904.25,418.634
3904.36,410.702
3904.45,403.003
3904.56,395.453
3904.65,388.048
3904.76,380.786
3904.86,373.663
3904.95,366.678
3905.06,359.829
3905.24,347.578
3905.42,335.774
3905.61,324.411
3905.79,313.48
3905.97,302.974
3906.16,292.883
3906.34,283.198
3906.53,273.907
3906.71,264.998
3906.89,256.459
3907.08,248.277
3907.26,240.44
3907.63,225.743
3908,212.298
3908.37,199.928
3908.73,188.574
3909.1,178.142
3909.47,168.574
3909.84,159.739
3910.2,151.594
3910.57,144.074
3910.94,137.139
3911.41,129.033
3911.88,121.666
3912.34,114.954
3912.81,108.823
3913.28,103.211
3913.75,98.0602
3914.22,93.3221
3914.68,88.9536
3915.05,85.7537
3915.42,82.7433
3915.79,79.9077
3916.16,77.241
3916.89,72.3309
3917.63,67.9422
3918.36,63.9929
3919.1,60.4349
3919.83,57.2088
3920.57,54.2818
3921.3,51.61
3922.04,49.1706
3922.78,46.9308
3923.51,44.8743
3924.25,42.976
3924.98,41.2244
3925.72,39.5998
3926.45,38.0941
3927.59,35.969
3928.73,34.0619
3929.86,32.3422
3931,30.7847
3932.14,29.366
3933.27,28.0725
3934.41,26.8876
3935.55,25.8007
3937.02,24.5202
3938.49,23.3644
3939.96,22.3171
3941.43,21.3643
3942.9,20.4945
3944.37,19.6978
3945.84,18.9657
3947.31,18.2911
3948.92,17.6133
3950.52,16.9897
3952.13,16.4142
3953.73,15.882
3955.34,15.3882
3956.94,14.9294
3960.15,14.1044
3963.09,13.4367
3966.03,12.8421
3968.98,12.3095
3971.92,11.8301
3974.86,11.3966
3977.8,11.0028
3980.74,10.6437
3983.69,10.315
3986.63,10.0131
3989.57,9.73496
3995.46,9.23982
4001.34,8.81257
4007.22,8.44049
4012.04,8.17
4016.85,7.92652
4021.66,7.7047
4026.48,7.50225
4031.29,7.31687
4036.11,7.14655
4045.74,6.84451
4051.62,6.68158
4057.5,6.53231
4069.27,6.26893
4081.04,6.04374
4092.81,5.84913
4105.64,5.6649
4118.48,5.50444
4131.32,5.36341
4144.16,5.23866
4167.69,5.0432
4191.23,4.88133
4214.76,4.74487
4238.3,4.6283
4261.84,4.5276
4285.37,4.43952
4332.44,4.29241
4375.23,4.18433
4418.03,4.09325
4460.82,4.01594
4503.61,3.94869
4550.68,3.88437
4597.75,3.82782
4644.83,3.7775
4691.9,3.73228
4786.04,3.65379
4880.18,3.58702
4931.53,3.55433
4965.77,3.53373
5000,3.51396
5028.12,3.49829
5056.23,3.48308
5070.29,3.47564
5084.35,3.4683
5098.41,3.46107
5112.47,3.45393
5119.11,3.4506
5125.74,3.4473
5132.38,3.44402
5139.02,3.44078
5145.66,3.43757
5148.98,3.43599
5152.3,3.43442
5155.62,3.43288
5158.94,3.43136
5162.26,3.42988
5165.58,3.42844
5168.21,3.42735
5170.85,3.42632
5173.48,3.42537
5176.12,3.42454
5177.44,3.42419
5178.76,3.4239
5180.07,3.42369
5181.39,3.42358
5182.71,3.42361
5184.03,3.42382
5185.35,3.42427
5186.66,3.42509
5187.59,3.42599
5188.52,3.42726
5189.44,3.42906
5190.37,3.43163
5191.3,3.43538
5191.76,3.4379
5192.23,3.44103
5192.69,3.44502
5193.15,3.4503
5193.62,3.45783
5193.85,3.46309
5194.08,3.47001
5194.29,3.47845
5194.5,3.49001
5194.7,3.50645
5194.81,3.5172
5194.91,3.53001
5195.02,3.5456
5195.12,3.56443
5195.22,3.58718
5195.33,3.61437
5195.43,3.64743
5195.53,3.68722
5195.64,3.73497
5195.74,3.79151
5195.85,3.85954
5195.95,3.94035
5196.05,4.03594
5196.16,4.14736
5196.26,4.27914
5196.36,4.43286
5196.47,4.61128
5196.57,4.81515
5196.68,5.05137
5196.78,5.32111
5196.88,5.62737
5196.99,5.96953
5197.09,6.35697
5197.19,6.78465
5197.3,7.263
5197.4,7.78444
5197.49,8.29123
5197.59,8.83709
5197.68,9.42189
5197.77,10.038
5197.86,10.6977
5197.95,11.385
5198.04,12.1124
5198.13,12.8612
5198.23,13.6439
5198.32,14.4394
5198.5,16.0821
5198.68,17.7426
5198.87,19.3663
5199.01,20.5548
5199.15,21.6508
5199.29,22.6426
5199.43,23.4909
5199.55,24.1015
5199.67,24.579
5199.8,24.926
5199.87,25.0419
5199.92,25.0992
5199.95,25.1238
5200,25.1346
5200.05,25.1242
5200.1,25.088
5200.15,25.0182
5200.24,24.8397
5200.31,24.6435
5200.38,24.4035
5200.45,24.1145
5200.52,23.7866
5200.66,23.0055
5200.74,22.4558
5200.82,21.8649
5200.91,21.2323
5200.99,20.5637
5201.16,19.1415
5201.33,17.6457
5201.53,15.8412
5201.73,14.0751
5201.82,13.2214
5201.92,12.3954
5202.02,11.6023
5202.12,10.8461
5202.22,10.1232
5202.32,9.4503
5202.42,8.82164
5202.52,8.23801
5202.62,7.69953
5202.72,7.20569
5202.82,6.75547
5202.91,6.34738
5202.99,6.08326
5203.05,5.8419
5203.12,5.61549
5203.19,5.4097
5203.26,5.21769
5203.33,5.04405
5203.4,4.88507
5203.47,4.73985
5203.61,4.48556
5203.75,4.27666
5203.89,4.10659
5204.03,3.97019
5204.16,3.86007
5204.3,3.77251
5204.44,3.70334
5204.58,3.64934
5204.72,3.60674
5204.86,3.57371
5205,3.54776
5205.13,3.52765
5205.29,3.5098
5205.45,3.49621
5205.61,3.48575
5205.77,3.47763
5205.93,3.47112
5206.09,3.46586
5206.4,3.45779
5206.68,3.45245
5206.96,3.44814
5207.51,3.44142
5208.07,3.4363
5208.62,3.43224
5209.18,3.42892
5209.73,3.42617
5210.29,3.42384
5210.84,3.42184
5211.95,3.41859
5213.06,3.41602
5214.17,3.41393
5215.28,3.41216
5216.55,3.41045
5217.82,3.40896
5219.09,3.40765
5220.36,3.40647
5221.62,3.40539
5222.89,3.40439
5225.43,3.40256
5227.97,3.4009
5230.5,3.39935
5233.04,3.39788
5235.58,3.39647
5237.8,3.39528
5240.02,3.39412
5244.46,3.39186
5248.9,3.38965
5253.34,3.3875
5257.78,3.38537
5262.22,3.38327
5266.66,3.3812
5271.1,3.37914
5281.88,3.3742
5292.66,3.36932
5303.44,3.36449
5314.22,3.35971
5325.01,3.35496
5335.79,3.35025
5357.35,3.34091
5378.91,3.33167
5400.48,3.32253
5443.61,3.30449
5514.64,3.27538
5585.67,3.24681
5687.15,3.20657
5788.63,3.16656
5890.1,3.12637
5940.84,3.10607
5991.58,3.08558
6052.47,3.0607
6082.91,3.04813
6113.35,3.03548
6143.8,3.02274
6174.24,3.00997
6204.68,2.99719
6235.13,2.98447
6263.03,2.97301
6276.98,2.96738
6290.94,2.9619
6304.89,2.95661
6318.84,2.95158
6332.8,2.94694
6346.75,2.94282
6361.97,2.93925
6377.19,2.93719
6384.81,2.93701
6392.42,2.93761
6400.03,2.93927
6407.64,2.94233
6415.25,2.94731
6422.86,2.95512
6430.47,2.96704
6434.27,2.97516
6438.08,2.98522
6442.84,3.00135
6447.59,3.02279
6452.35,3.05178
6457.11,3.09206
6460.28,3.12796
6463.45,3.1742
6466.62,3.2349
6469.79,3.3164
6471.54,3.37377
6473.28,3.44317
6475.02,3.5281
6476.77,3.6335
6478.35,3.75302
6479.15,3.82358
6479.94,3.90283
6480.73,3.99247
6481.53,4.09427
6482.32,4.21053
6483.11,4.34402
6483.98,4.5157
6484.86,4.71911
6485.29,4.83533
6485.73,4.96292
6486.16,5.10342
6486.6,5.25866
6487.04,5.4308
6487.47,5.62241
6487.91,5.8366
6488.34,6.07713
6488.78,6.34857
6489.21,6.6566
6489.65,7.00828
6490.09,7.41256
6490.39,7.72491
6490.68,8.07041
6490.98,8.45686
6491.28,8.88826
6491.58,9.3757
6491.87,9.92598
6492.02,10.2302
6492.17,10.5533
6492.32,10.9019
6492.47,11.2737
6492.68,11.8733
6492.9,12.5442
6493.12,13.2985
6493.34,14.1511
6493.45,14.6198
6493.56,15.1201
6493.66,15.655
6493.77,16.2275
6493.88,16.8411
6493.99,17.4998
6494.1,18.2075
6494.21,18.9689
6494.32,19.789
6494.43,20.6732
6494.54,21.6273
6494.65,22.6576
6494.75,23.771
6494.86,24.9748
6494.97,26.2767
6495.08,27.685
6495.19,29.2083
6495.3,30.8558
6495.41,32.6368
6495.52,34.5612
6495.63,36.6387
6495.74,38.8795
6495.85,41.2936
6495.95,43.8907
6496.06,46.6804
6496.17,49.6716
6496.28,52.8727
6496.39,56.2909
6496.5,59.9324
6496.61,63.8019
6496.72,67.9024
6496.83,72.2349
6496.93,76.7983
6497.04,81.5891
6497.15,86.6008
6497.26,91.8242
6497.48,102.854
6497.7,114.484
6498.13,138.994
6498.35,151.282
6498.57,163.162
6498.8,174.814
6498.91,180.17
6499.03,185.163
6499.14,189.783
6499.26,193.903
6499.37,197.523
6499.48,200.606
6499.61,203.423
6499.74,205.448
6499.87,206.676
6500,207.09
6500.11,206.816
6500.21,206.002
6500.32,204.655
6500.42,202.788
6500.53,200.392
6500.63,197.535
6500.74,194.222
6500.84,190.483
6501.05,182.035
6501.25,172.346
6501.46,161.713
6501.67,150.441
6502.1,125.971
6502.32,113.912
6502.53,102.376
6502.75,91.4424
6502.86,86.2891
6502.97,81.3442
6503.07,76.6164
6503.18,72.1117
6503.29,67.8333
6503.4,63.7825
6503.54,58.9353
6503.67,54.4508
6503.81,50.3181
6503.95,46.5495
6504.09,43.0734
6504.22,39.9001
6504.36,37.01
6504.5,34.4011
6504.61,32.4974
6504.72,30.7509
6504.82,29.1341
6504.93,27.6379
6505.04,26.2535
6505.15,24.9726
6505.26,23.787
6505.36,22.6895
6505.47,21.6639
6505.58,20.7223
6505.69,19.849
6505.8,19.0382
6505.9,18.2846
6506.01,17.5836
6506.12,16.9307
6506.23,16.3218
6506.34,15.7482
6506.45,15.217
6506.55,14.7197
6506.66,14.2535
6506.88,13.4007
6507.1,12.6489
6507.31,11.9765
6507.53,11.3776
6507.74,10.8391
6507.96,10.3528
6508.14,9.98836
6508.31,9.65117
6508.49,9.33843
6508.67,9.04773
6508.85,8.77695
6509.02,8.52424
6509.38,8.06663
6509.73,7.66392
6510.08,7.30736
6510.44,6.98997
6510.79,6.70605
6511.22,6.39754
6511.66,6.12526
6512.09,5.88364
6512.52,5.66864
6512.96,5.47557
6513.39,5.3019
6513.82,5.14507
6514.25,5.00326
6514.73,4.86295
6515.2,4.73601
6515.67,4.62077
6516.14,4.51583
6517.09,4.33218
6518.03,4.17731
6518.9,4.05555
6519.76,3.94979
6520.63,3.8571
6521.49,3.7756
6522.36,3.70338
6523.22,3.63921
6524.95,3.53041
6526.84,3.43487
6528.73,3.35749
6530.62,3.29393
6532.51,3.24102
6535.97,3.16426
6539.43,3.10633
6542.89,3.06138
6546.35,3.0257
6549.18,3.00161
6552.02,2.98115
6557.68,2.94806
6563.35,2.92251
6569.01,2.90217
6573.73,2.88807
6578.45,2.87594
6587.89,2.85595
6597.33,2.8398
6606.77,2.82621
6616.21,2.81438
6625.65,2.80378
6635.09,2.79406
6644.53,2.78503
6653.98,2.77642
6663.41,2.76818
6682.3,2.75244
6701.18,2.7373
6720.06,2.72246
6738.94,2.70771
6757.82,2.69292
6795.58,2.66295
6833.35,2.63198
6866.07,2.60402
6898.8,2.57482
6964.26,2.51191
7004.53,2.46961
7059.92,2.40592
7115.3,2.33459
7170.69,2.25382
7226.07,2.16116
7261.32,2.09428
7296.56,2.02044
7331.81,1.93771
7367.05,1.84465
7394.75,1.76272
7422.44,1.67166
7450.13,1.56991
7463.98,1.51434
7477.82,1.45542
7497.96,1.36273
7518.1,1.26091
7528.17,1.20626
7538.24,1.14885
7548.31,1.08849
7558.38,1.02505
7572.23,0.932483
7586.08,0.83345
7593,0.781442
7599.92,0.727747
7606.84,0.672399
7613.77,0.615466
7620.38,0.559712
7626.98,0.50276
7640.2,0.386209
7653.42,0.268944
7660.03,0.211767
7663.33,0.18403
7666.63,0.157126
7669.62,0.133675
7672.61,0.111289
7675.6,0.0901847
7678.59,0.0706473
7681.58,0.0529792
7683.08,0.0449602
7684.57,0.0375487
7686.07,0.030776
7687.56,0.024713
7689.06,0.0194523
7690.55,0.0150718
7691.22,0.0134124
7691.89,0.0119502
7692.56,0.0106926
7693.22,0.00964908
7693.89,0.00882433
7694.56,0.00822855
7695.23,0.00787068
7695.57,0.00778397
7695.9,0.00776011
7696.22,0.0077963
7696.85,0.0080438
7697.47,0.00853081
7698.1,0.0092674
7698.73,0.01026
7699.36,0.0115212
7699.99,0.0130569
7700.62,0.0148796
7701.25,0.0170006
7702,0.0199272
7702.75,0.0233059
7703.49,0.027164
7704.24,0.0315094
7705.73,0.0417646
7707.23,0.0542472
7708.72,0.0691845
7710.22,0.0867955
7711.71,0.107326
7713.21,0.131028
7714,0.144892
7714.78,0.159769
7715.57,0.175707
7716.36,0.192734
7717.14,0.210948
7717.93,0.230386
7718.72,0.251108
7719.5,0.273147
7720.29,0.296628
7721.08,0.32159
7721.86,0.348105
7722.65,0.376209
7723.44,0.406053
7724.22,0.43765
7725.01,0.471183
7725.8,0.506675
7726.66,0.548229
7727.53,0.592445
7728.39,0.639576
7729.26,0.689676
7730.12,0.743036
7730.99,0.799723
7731.85,0.860071
7732.72,0.924159
7733.59,0.99237
7734.45,1.0648
7735.32,1.14178
7736.18,1.22361
7737.05,1.3107
7737.91,1.40317
7738.78,1.50149
7739.64,1.60602
7740.51,1.71732
7741.37,1.83558
7742.24,1.96154
7743.1,2.09543
7743.97,2.23812
7744.83,2.38988
7745.7,2.55172
7746.57,2.72397
7747.43,2.9078
7748.3,3.10361
7749.16,3.31276
7750.03,3.53577
7750.89,3.7742
7751.76,4.0287
7752.62,4.30078
7753.49,4.59187
7754.35,4.90384
7755.22,5.23765
7756.09,5.59592
7756.95,5.97983
7757.82,6.39251
7758.68,6.83544
7759.55,7.31178
7760.41,7.82452
7761.28,8.37762
7762.14,8.97346
7763.01,9.61751
7763.87,10.3128
7764.74,11.066
7765.6,11.8809
7766.47,12.7648
7767.33,13.7246
7768.2,14.7696
7769.07,15.9061
7769.93,17.1469
7770.8,18.5003
7771.66,19.9823
7772.53,21.6039
7773.39,23.3831
7774.26,25.3385
7775.12,27.4939
7775.56,28.6532
7775.99,29.8683
7776.42,31.1485
7776.85,32.4949
7777.29,33.9113
7777.72,35.3988
7778.15,36.9687
7778.59,38.6227
7779.02,40.366
7779.45,42.2
7779.88,44.1391
7780.32,46.1807
7780.75,48.3412
7781.18,50.6178
7781.61,53.0289
7782.05,55.5776
7782.48,58.2725
7782.91,61.1164
7783.34,64.132
7783.78,67.3235
7784.21,70.7016
7784.64,74.2692
7785.07,78.0549
7785.51,82.0628
7785.94,86.3056
7786.37,90.7857
7786.81,95.537
7787.24,100.551
7787.67,105.863
7788.1,111.461
7788.51,117.033
7788.92,122.89
7789.33,129.04
7789.73,135.49
7790.14,142.243
7790.55,149.301
7791.37,164.326
7792.18,180.507
7792.59,188.996
7793,197.722
7793.41,206.661
7793.81,215.784
7794.02,220.408
7794.22,225.07
7794.43,229.768
7794.63,234.503
7794.79,238.126
7794.94,241.771
7795.1,245.439
7795.25,249.11
7795.4,252.832
7795.56,256.586
7795.72,260.374
7795.87,264.176
7796.02,268.045
7796.18,271.96
7796.33,275.925
7796.49,279.916
7796.64,283.987
7796.8,288.085
7796.95,292.263
7797.11,296.462
7797.23,299.93
7797.36,303.421
7797.48,306.928
7797.61,310.417
7797.73,313.933
7797.86,317.438
7798.11,324.333
7798.54,335.452
7798.75,340.583
7798.96,345.279
7799.06,347.366
7799.17,349.328
7799.27,351.156
7799.37,352.827
7799.48,354.423
7799.58,355.839
7799.71,357.322
7799.81,358.352
7799.88,358.885
7799.97,359.538
7800,359.746
7800.09,360.206
7800.16,360.468
7800.24,360.669
7800.34,360.782
7800.44,360.728
7800.54,360.526
7800.69,359.909
7800.85,358.948
7800.96,358.019
7801.04,357.311
7801.25,355.002
7801.47,352.248
7801.89,345.746
7802.14,341.487
7802.27,339.289
7802.4,337.078
7802.52,334.831
7802.65,332.574
7802.77,330.312
7802.9,328.071
7803.05,325.302
7803.21,322.547
7803.36,319.811
7803.52,317.093
7803.67,314.393
7803.83,311.708
7803.98,309.036
7804.14,306.389
7804.29,303.728
7804.45,301.068
7804.6,298.404
7804.76,295.75
7804.91,293.068
7805.07,290.374
7805.22,287.665
7805.38,284.959
7805.58,281.331
7805.78,277.693
7805.99,274.029
7806.19,270.341
7806.6,262.891
7807.01,255.414
7807.42,247.913
7807.83,240.465
7808.64,225.794
7809.46,211.641
7810.28,198.173
7811.09,185.49
7811.91,173.656
7812.78,162.017
7813.64,151.307
7814.51,141.483
7815.37,132.489
7816.24,124.264
7817.11,116.745
7817.97,109.869
7818.84,103.579
7819.7,97.8173
7820.57,92.5346
7821.44,87.684
7822.3,83.2236
7823.17,79.1157
7824.03,75.3263
7824.9,71.8249
7825.77,68.5844
7826.79,65.0561
7827.81,61.8261
7828.84,58.8571
7829.86,56.1281
7830.88,53.6097
7831.91,51.2848
7832.93,49.129
7833.95,47.1293
7834.82,45.5461
7835.69,44.0554
7837.42,41.3242
7839.15,38.8867
7840.88,36.703
7842.61,34.736
7844.35,32.9586
7846.08,31.3463
7847.81,29.8798
7849.54,28.5398
7851.27,27.3126
7853,26.1853
7854.74,25.1469
7856.47,24.1881
7858.2,23.3005
7859.93,22.477
7861.66,21.7114
7864.34,20.629
7867.02,19.6553
7869.69,18.776
7872.37,17.9758
7875.05,17.2455
7877.72,16.5779
7880.4,15.9651
7883.08,15.4014
7886.54,14.7355
7890.01,14.1327
7893.47,13.5848
7896.93,13.0848
7900.4,12.6271
7903.86,12.2066
7907.32,11.8192
7910.79,11.4613
7914.57,11.1006
7918.35,10.7678
7922.12,10.4599
7925.9,10.1742
7933.46,9.66085
7941.02,9.21414
7947.95,8.85096
7954.87,8.52591
7961.8,8.23356
7968.73,7.96949
7975.66,7.72953
7982.59,7.51083
7989.51,7.31066
7996.44,7.1267
8010.3,6.80049
8024.15,6.52011
8038.01,6.27654
8051.86,6.06305
8063.2,5.90705
8074.54,5.76595
8097.21,5.51831
8119.88,5.30858
8142.55,5.12887
8170.26,4.94144
8197.97,4.78153
8225.68,4.64322
8253.4,4.52235
8293.7,4.3712
8334.01,4.24288
8374.32,4.13207
8414.62,4.03514
8470.05,3.9197
8525.47,3.82007
8580.89,3.73259
8636.31,3.6547
8686.7,3.59069
8737.08,3.53169
8807.62,3.45619
8842.89,3.42098
8878.15,3.38719
8908.38,3.35924
8923.5,3.3456
8938.61,3.33216
8953.73,3.31895
8968.84,3.30588
8983.96,3.29306
8991.52,3.28673
8999.07,3.28046
9006,3.27477
9012.93,3.26916
9019.86,3.2636
9026.78,3.25816
9033.71,3.25285
9040.64,3.24773
9044.1,3.24526
9047.57,3.24288
9051.03,3.24062
9054.49,3.23849
9057.8,3.23663
9061.11,3.23499
9064.41,3.23369
9067.72,3.23288
9071.03,3.23277
9072.68,3.2331
9074.33,3.23377
9075.99,3.23488
9077.64,3.23657
9079.29,3.23906
9080.95,3.24268
9082.28,3.24674
9083.62,3.25222
9084.96,3.2597
9086.3,3.27004
9087.64,3.28476
9088.31,3.29451
9088.98,3.30653
9089.65,3.32158
9090.32,3.34085
9090.98,3.36643
9091.65,3.40258
9091.93,3.42259
9092.2,3.44713
9092.48,3.47826
9092.75,3.51852
9093.03,3.57227
9093.31,3.64498
9093.58,3.74552
9093.72,3.80962
9093.86,3.88469
9094,3.9739
9094.13,4.07918
9094.27,4.20326
9094.41,4.34813
9094.55,4.51936
9094.68,4.71987
9094.82,4.95392
9094.96,5.22406
9095.1,5.53923
9095.24,5.90294
9095.37,6.32084
9095.51,6.79507
9095.58,7.05816
9095.65,7.33848
9095.72,7.63678
9095.79,7.9538
9095.85,8.29025
9095.92,8.64686
9095.99,9.0243
9096.06,9.41729
9096.16,10.0601
9096.27,10.7481
9096.37,11.4964
9096.48,12.292
9096.58,13.1514
9096.68,14.0586
9096.78,15.022
9096.89,16.0411
9096.99,17.1258
9097.09,18.254
9097.2,19.4337
9097.3,20.6624
9097.4,21.9492
9097.51,23.2655
9097.71,26.0038
9098.15,32.0261
9098.36,35.0423
9098.58,37.9364
9098.7,39.4535
9098.82,40.8855
9098.94,42.2315
9099.05,43.478
9099.2,44.8814
9099.35,46.085
9099.45,46.7939
9099.56,47.3903
9099.66,47.8893
9099.77,48.2544
9099.88,48.4836
9100,48.5716
9100.13,48.4714
9100.23,48.2596
9100.35,47.8318
9100.5,47.0742
9100.62,46.3168
9100.74,45.4193
9100.89,44.0699
9101.04,42.5377
9101.19,40.8164
9101.34,38.9664
9101.49,37.0062
9101.64,34.9652
9102.17,27.6877
9102.43,24.1557
9102.56,22.4582
9102.69,20.8373
9102.82,19.2767
9102.95,17.8067
9103.08,16.4097
9103.21,15.1105
9103.34,13.891
9103.47,12.7702
9103.6,11.7379
9103.73,10.7924
9103.86,9.92457
9103.99,9.14438
9104.12,8.43575
9104.25,7.80506
9104.38,7.23781
9104.51,6.7377
9104.64,6.29518
9104.77,5.90528
9104.87,5.65593
9104.96,5.42929
9105.05,5.22368
9105.15,5.03939
9105.24,4.87089
9105.33,4.71881
9105.42,4.58176
9105.52,4.45968
9105.7,4.24904
9105.89,4.08036
9106.07,3.94486
9106.26,3.83616
9106.44,3.74852
9106.63,3.67847
9106.81,3.62165
9107,3.57579
9107.37,3.50709
9107.74,3.45934
9108.11,3.42434
9108.48,3.39752
9108.85,3.37609
9109.22,3.35843
9109.96,3.33056
9110.7,3.30937
9111.58,3.28993
9112.46,3.27476
9113.34,3.26263
9114.22,3.25273
9115.1,3.24449
9115.98,3.23755
9117.74,3.22644
9119.49,3.21789
9121.25,3.21107
9123.01,3.20546
9124.76,3.20074
9126.52,3.19666
9129.16,3.19143
9131.8,3.18698
9134.43,3.18306
9137.07,3.17951
9139.7,3.17624
9142.34,3.17319
9144.98,3.17032
9147.61,3.16758
9152.89,3.16241
9156.4,3.15914
9162.55,3.15364
9168.7,3.14835
9174.85,3.1432
9181.01,3.13817
9187.16,3.13322
9193.31,3.12833
9205.61,3.11872
9217.91,3.10926
9230.22,3.09989
9242.52,3.09061
9254.82,3.0814
9273.27,3.06769
9291.73,3.05408
9328.64,3.02708
9365.54,3.0003
9402.45,2.97366
9439.36,2.9471
9476.26,2.92057
9550.08,2.86737
9662.56,2.78522
9817.22,2.66795
9971.88,2.54263
10000,2.51868
10100,2.42994
10149.9,2.3832
10199.9,2.33462
10231.2,2.30325
10246.8,2.28726
10262.4,2.27107
10278,2.25465
10293.6,2.23802
10301.5,2.22963
10309.3,2.22119
10317.1,2.21272
10324.9,2.20421
10330.7,2.19781
10336.6,2.1914
10342.4,2.18501
10348.3,2.17867
10351.2,2.17551
10354.2,2.17239
10357.1,2.16931
10360,2.16629
10362.9,2.16335
10365.9,2.16052
10368.8,2.15787
10371.7,2.15547
10374.9,2.15332
10376.6,2.1524
10378.4,2.15179
10380.1,2.15163
10381.9,2.15211
10383.6,2.15353
10384.5,2.15476
10385.4,2.15645
10386.3,2.15876
10387.2,2.1619
10388,2.16617
10388.9,2.17199
10389.8,2.17972
10390.6,2.19092
10391,2.19878
10391.4,2.20883
10391.8,2.22297
10392.2,2.24294
10392.4,2.25677
10392.7,2.27404
10392.9,2.29577
10393.1,2.32183
10393.3,2.35641
10393.5,2.40043
10393.7,2.45645
10393.9,2.52377
10394.1,2.61267
10394.3,2.72449
10394.5,2.86422
10394.7,3.0284
10394.9,3.23943
10395.1,3.48327
10395.2,3.63743
10395.3,3.79104
10395.5,3.95826
10395.5,4.13986
10395.7,4.46215
10395.9,4.80198
10396,5.18045
10396.2,5.59937
10396.3,6.09236
10396.5,6.5987
10396.6,7.14804
10396.8,7.73992
10396.9,8.41672
10397.1,9.0916
10397.2,9.80245
10397.4,10.5452
10397.7,12.159
10398,13.7763
10398.2,14.9597
10398.4,16.1087
10398.7,17.1929
10398.9,18.1814
10399,18.6695
10399.1,19.1157
10399.2,19.5157
10399.3,19.8386
10399.5,20.1396
10399.6,20.3845
10399.7,20.6079
10399.8,20.7113
10400,20.7663
10400,20.7686
10400.1,20.7587
10400.1,20.7333
10400.2,20.6464
10400.4,20.4614
10400.5,20.2592
10400.6,20.0335
10400.8,19.469
10401,18.8052
10401.2,17.9467
10401.4,17.0286
10401.6,16.0356
10401.8,14.9909
10402.3,12.1936
10402.6,10.8342
10402.7,10.1805
10402.8,9.54904
10403,8.94269
10403.1,8.3639
10403.2,7.81456
10403.4,7.29605
10403.5,6.80925
10403.6,6.35461
10403.7,5.93216
10403.9,5.57049
10404,5.07771
10404.2,4.66501
10404.4,4.28065
10404.6,3.96392
10404.7,3.67349
10404.9,3.43772
10405.1,3.23553
10405.2,3.0632
10405.4,2.90934
10405.6,2.78754
10405.8,2.68543
10405.9,2.60019
10406.1,2.52553
10406.3,2.46739
10406.5,2.41928
10406.6,2.37953
10406.8,2.34492
10407,2.31804
10407.2,2.29455
10407.3,2.27619
10407.7,2.24717
10408,2.22698
10408.4,2.21154
10408.7,2.19996
10409.1,2.19041
10409.4,2.18274
10409.9,2.1736
10410.4,2.1662
10411.3,2.15449
10412.3,2.14552
10413.2,2.13835
10414.2,2.13245
10415.2,2.12747
10416.1,2.12319
10417.1,2.11944
10419,2.1131
10420.9,2.10784
10422.9,2.10327
10424.8,2.09918
10427.2,2.09443
10429.7,2.09009
10432.2,2.08603
10434.6,2.08216
10437.1,2.07845
10439.5,2.07485
10444.5,2.06787
10449.4,2.06109
10454.3,2.05443
10459.2,2.04785
10464.1,2.04131
10470.6,2.03275
10477.1,2.02421
10490,2.00707
10502.9,1.9898
10515.8,1.97235
10528.7,1.9547
10541.7,1.9368
10567.5,1.90027
10592.1,1.86445
10616.7,1.82759
10670.8,1.74237
10725,1.65101
10779.1,1.55279
10833.2,1.44684
10887.4,1.33205
10914.4,1.27117
10941.5,1.20765
10968.6,1.14163
10995.6,1.07269
11022.7,1.00091
11049.8,0.926372
11071.9,0.863031
11094.1,0.797727
11116.2,0.730493
11138.4,0.661503
11160.5,0.59087
11182.6,0.51898
11226.9,0.37279
11249.1,0.300097
11260.2,0.264336
11271.2,0.229267
11282.3,0.195067
11293.4,0.162083
11298.9,0.146068
11304.5,0.130582
11310,0.115562
11315.5,0.101121
11321.7,0.0857641
11327.8,0.0712951
11334,0.0577969
11340.1,0.0453937
11346.3,0.0342239
11352.4,0.0244356
11355.5,0.020101
11358.6,0.0161766
11361.7,0.0126455
11364.7,0.00961476
11366.5,0.00809002
11368.3,0.00672885
11370,0.00553628
11371.8,0.00452186
11373.6,0.00369374
11374.5,0.00334906
11375.3,0.00305605
11376.2,0.00280869
11377.1,0.00261336
11378,0.00246796
11378.9,0.00237345
11379.5,0.00233794
11380.1,0.0023284
11380.7,0.00234297
11381.3,0.00238083
11381.9,0.00244225
11382.4,0.00252578
11383.6,0.00276773
11384.7,0.00310429
11385.9,0.00354299
11387,0.00407821
11388.2,0.00471586
11389.3,0.00545915
11390.9,0.00662541
11392.4,0.00799114
11394,0.00955756
11395.5,0.0113161
11398.6,0.0154974
11401.6,0.0205662
11404.7,0.0266091
11407.8,0.0336429
11410.9,0.0417729
11413.9,0.0510089
11417.3,0.0626016
11420.7,0.0757088
11424.1,0.09051
11427.5,0.107026
11430.9,0.125472
11434.2,0.145864
11437.6,0.168387
11441,0.193184
11444.4,0.220492
11447.8,0.250316
11449.5,0.266352
11451.2,0.283012
11452.9,0.300411
11454.6,0.318577
11456.2,0.337648
11457.9,0.357428
11459.6,0.378056
11461.3,0.39956
11463,0.421971
11464.7,0.445319
11466.4,0.469639
11468.1,0.494964
11469.8,0.521488
11471.5,0.548937
11473.2,0.577503
11474.9,0.607223
11478.2,0.6703
11481.6,0.738518
11485,0.812486
11488.4,0.892184
11491.8,0.978268
11495.1,1.07123
11498.5,1.1719
11501.9,1.28028
11505.3,1.39763
11508.7,1.52395
11512.1,1.66075
11515.5,1.80805
11518.8,1.96712
11522.2,2.13897
11525.6,2.32524
11529,2.52602
11532.4,2.74382
11535.8,2.97882
11539.1,3.23399
11542.5,3.50961
11545.9,3.80833
11549.3,4.13234
11552.7,4.4851
11556,4.86721
11559.4,5.28263
11562.8,5.73469
11566.2,6.22861
11569.6,6.76562
11573,7.35176
11576.3,7.99226
11579.7,8.69514
11583.1,9.4629
11586.5,10.3076
11588.2,10.7592
11589.9,11.2327
11591.6,11.7322
11593.3,12.2533
11595,12.8002
11596.6,13.3743
11598.3,13.9774
11600,14.611
11601.7,15.277
11603.4,15.9773
11605.1,16.7184
11606.8,17.494
11608.5,18.3105
11610.2,19.1704
11611.9,20.0821
11613.6,21.0376
11615.3,22.0453
11616.9,23.1084
11618.6,24.2373
11620.3,25.4226
11622,26.6746
11623.7,27.9977
11625.4,29.3964
11627.1,30.8757
11628.8,32.4408
11630.5,34.0973
11632.2,35.8617
11633.9,37.7197
11635.6,39.6879
11637.2,41.7736
11638.9,43.984
11640.6,46.3271
11642.3,48.8112
11644,51.4449
11645.7,54.2541
11647.4,57.2151
11649.1,60.3536
11650.8,63.6791
11652.5,67.2014
11654.2,70.9302
11655.9,74.8748
11657.5,79.0442
11660.3,86.4406
11663.1,94.4709
11665.9,103.209
11668.7,112.59
11671.5,122.651
11674.2,133.253
11677,144.368
11679.8,155.773
11682.1,165.429
11684.5,174.973
11685.6,179.708
11686.8,184.323
11688,188.84
11689.1,193.244
11690.1,196.693
11691,200.085
11691.5,201.795
11691.9,203.485
11692.4,205.22
11692.8,207.045
11693.2,208.625
11693.6,210.36
11693.8,211.333
11693.9,212.319
11694.1,213.378
11694.3,214.522
11694.5,215.835
11694.7,217.192
11694.9,218.759
11695,220.387
11695.2,222.271
11695.4,224.226
11695.6,226.36
11695.8,228.682
11696,231.202
11696.1,233.767
11696.3,236.682
11696.5,239.621
11696.6,242.923
11696.8,246.212
11697,249.652
11697.2,253.224
11697.4,258.005
11697.6,262.682
11698,272.324
11698.2,277.335
11698.5,282.105
11698.7,286.335
11698.9,289.982
11699.1,292.453
11699.2,294.498
11699.3,295.927
11699.5,297.067
11699.6,298.194
11699.7,299.074
11699.9,299.737
11700,300.084
11700,300.114
11700.1,300.173
11700.1,300.144
11700.3,299.86
11700.4,299.383
11700.5,298.759
11700.6,297.882
11700.8,296.906
11700.9,295.323
11701,293.603
11701.3,290.475
11701.5,287.078
11701.7,282.996
11701.9,278.646
11702.4,270.176
11702.6,265.847
11702.8,261.814
11703,258.841
11703.1,256.153
11703.3,252.249
11703.5,249.706
11703.6,247.461
11703.8,245.219
11703.9,243.262
11704.1,240.872
11704.3,238.828
11704.5,236.997
11704.7,235.366
11705,233.573
11705.2,232.107
11705.4,230.858
11705.6,229.799
11705.9,228.865
11706.1,228.108
11706.4,227.461
11706.6,226.905
11706.8,226.4
11707,225.972
11707.5,225.234
11708,224.575
11708.4,223.969
11709.1,223.162
11709.7,222.324
11710.3,221.436
11710.9,220.487
11712.2,218.39
11713.4,216.051
11714.9,212.931
11716.3,209.493
11719.3,201.825
11722.2,193.375
11725.1,184.452
11728.9,172.936
11732.6,161.551
11736.3,150.556
11740,140.14
11743.7,130.407
11747.4,121.401
11751.1,113.124
11754.8,105.551
11758.1,99.196
11761.5,93.3776
11764.9,88.0372
11768.3,83.1353
11771.7,78.6342
11775.1,74.4978
11778.4,70.6929
11781.8,67.1887
11785.2,63.9481
11788.6,60.9646
11792,58.2054
11795.3,55.6497
11798.7,53.2721
11802.1,51.07
11805.5,49.0209
11808.9,47.1114
11814.4,44.2523
11819.9,41.7026
11825.5,39.3978
11831,37.317
11836.5,35.4279
11842.1,33.7135
11847.6,32.1499
11853.1,30.7196
11859.9,29.1284
11866.7,27.6929
11873.4,26.391
11880.2,25.2065
11887,24.1232
11893.7,23.1326
11900.5,22.2227
11907.2,21.3844
11914,20.6092
11920.8,19.8926
11927.5,19.2266
11934.3,18.6082
11941.1,18.0309
11947.8,17.4926
11961.4,16.5168
11974.3,15.6962
11987.2,14.9608
12000.1,14.3032
12013,13.7089
12025.9,13.1709
12038.8,12.6833
12051.7,12.2376
12064.6,11.8289
12078.2,11.4373
12091.7,11.077
12105.2,10.7451
12118.7,10.4392
12132.3,10.1549
12145.8,9.8914
12172.8,9.41645
12192.5,9.10898
12212.2,8.82889
12231.9,8.57269
12251.5,8.33749
12271.2,8.1204
12290.9,7.9198
12330.2,7.56071
12357.3,7.34234
12384.4,7.14226
12411.4,6.95886
12438.5,6.79087
12492.6,6.49101
12546.7,6.23213
12605.7,5.98707
12669.6,5.75643
12701.6,5.65245
12733.6,5.55506
12760.6,5.47736
12787.7,5.40377
12801.2,5.36842
12814.7,5.3341
12828.2,5.30077
12841.8,5.26849
12860.2,5.22634
12869.4,5.20618
12878.7,5.18679
12887.9,5.16818
12897.1,5.15074
12906.3,5.13473
12915.6,5.12067
12920.5,5.11426
12925.4,5.10887
12933.4,5.10296
12937.4,5.10174
12941.4,5.10227
12945.4,5.10498
12949.4,5.1106
12953.4,5.12017
12957.4,5.13522
12961.4,5.15817
12965.4,5.19283
12967.4,5.21668
12969.4,5.24643
12971.4,5.28383
12973.4,5.33109
12975.5,5.39743
12977.6,5.48623
12979.8,5.60838
12980.9,5.68765
12982,5.78218
12983.3,5.93645
12984,6.0302
12984.7,6.13855
12985.4,6.26672
12986.1,6.41537
12986.8,6.59187
12987.5,6.80404
12987.9,6.95898
12988.3,7.13112
12988.8,7.32811
12989.2,7.55552
12989.6,7.82763
12990,8.14209
12990.2,8.32157
12990.5,8.51873
12990.7,8.73619
12990.9,8.97707
12991.1,9.32719
12991.4,9.73171
12991.7,10.2024
12991.8,10.4772
12992,10.7539
12992.1,11.0773
12992.2,11.4039
12992.4,11.7867
12992.5,12.174
12992.6,12.629
12992.8,13.0901
12992.9,13.5921
12993,14.1387
12993.1,14.6392
12993.2,15.1772
12993.4,15.7555
12993.5,16.3187
12993.6,16.9822
12993.7,17.6279
12993.8,18.388
12993.9,19.1271
12994,19.9961
12994.1,20.9272
12994.2,21.924
12994.3,22.8902
12994.4,24.0224
12994.5,25.1178
12994.6,26.3985
12994.7,27.6347
12994.8,28.942
12994.9,30.1812
12995.1,32.8449
12995.3,35.7651
12995.5,38.9519
12995.6,42.6124
12995.8,46.3649
12996,50.3938
12996.2,54.6937
12996.4,60.0382
12996.6,65.7103
12996.8,71.6721
12997,77.8745
12997.9,104.012
12998.2,114.608
12998.4,119.559
12998.6,124.19
12998.8,129.974
12999.1,134.862
12999.3,137.747
12999.4,139.939
12999.6,141.662
12999.8,142.701
13000,143.172
13000.2,142.924
13000.3,142.153
13000.5,140.87
13000.6,139.215
13000.8,137.441
13000.9,135.536
13001.1,131.013
13001.3,126.116
13001.6,120.609
13001.7,115.73
13001.9,110.583
13002.3,100.058
13002.7,86.4596
13002.9,79.7459
13003.1,73.2082
13003.4,66.9197
13003.6,60.9394
13003.8,55.3128
13004,50.3011
13004.2,45.87
13004.4,41.7794
13004.5,39.8618
13004.6,38.0288
13004.7,36.2792
13004.8,34.6119
13004.9,33.0253
13005,31.5176
13005.1,30.0869
13005.2,28.7308
13005.3,27.4472
13005.4,26.2336
13005.5,25.0874
13005.6,24.1114
13005.7,22.9868
13005.8,21.9343
13005.9,20.95
13006,20.0305
13006.2,19.1722
13006.3,18.3716
13006.4,17.6253
13006.5,16.9911
13006.6,16.3394
13006.7,15.7325
13006.8,15.1677
13006.9,14.642
13007,14.1528
13007.1,13.6974
13007.4,12.9134
13007.5,12.3521
13007.7,11.8484
13007.9,11.3957
13008,10.988
13008.2,10.6202
13008.4,10.2876
13008.5,9.98593
13008.7,9.72709
13008.9,9.47568
13009,9.24582
13009.4,8.84126
13009.7,8.49727
13010.1,8.20967
13010.5,7.88242
13010.9,7.61166
13011.4,7.37411
13011.8,7.17296
13012.2,6.99299
13012.7,6.83803
13013.1,6.69738
13013.5,6.57475
13014.3,6.37859
13015.1,6.21751
13015.9,6.0801
13016.7,5.96455
13017.5,5.86394
13018.3,5.7778
13019.9,5.63623
13021.1,5.54513
13022.4,5.46921
13025,5.3505
13027.5,5.26235
13030,5.19487
13032.4,5.14439
13034.8,5.10309
13037.2,5.0687
13039.5,5.03973
13044.3,4.99279
13049,4.95636
13053.8,4.92686
13058.6,4.9022
13063.3,4.88102
13068.1,4.86251
13072.8,4.8458
13077.6,4.83057
13087.1,4.80333
13096.6,4.77913
13106.1,4.75703
13115.6,4.73641
13125.1,4.71695
13134.7,4.69826
13144.2,4.68027
13163.2,4.64585
13177.2,4.62163
13191.1,4.59811
13205.1,4.57515
13219,4.55273
13246.9,4.50913
13274.8,4.467
13296.4,4.43529
13318,4.40425
13361.1,4.34394
13404.2,4.28559
13447.3,4.22898
13503.1,4.15788
13559,4.0888
13670.6,3.95512
13741.6,3.87218
13812.6,3.79007
13883.7,3.70819
13954.7,3.62598
14025.7,3.54276
14061.3,3.50058
14096.8,3.45795
14113.9,3.43718
14131,3.41629
14148.1,3.39526
14156.7,3.38471
14165.3,3.37411
14182.4,3.35283
14191,3.34216
14199.5,3.33147
14208.1,3.32077
14216.7,3.3101
14225.2,3.29948
14233.8,3.28898
14240.1,3.28134
14246.5,3.2739
14249.6,3.2703
14252.8,3.26681
14256,3.26346
14259.1,3.26029
14262.1,3.25753
14265.2,3.25512
14268.2,3.25321
14271.2,3.25201
14274.2,3.2519
14275.7,3.25244
14277.2,3.25353
14278.7,3.25533
14280.2,3.25808
14281.7,3.26221
14283.2,3.26824
14284.5,3.2755
14285.8,3.28565
14287,3.30015
14287.7,3.30989
14288.3,3.32177
14289,3.33708
14289.6,3.35694
14290.2,3.38499
14290.5,3.40366
14290.9,3.42609
14291.2,3.45534
14291.5,3.49301
14291.8,3.54222
14292.1,3.60483
14292.4,3.6902
14292.8,3.7996
14292.9,3.86895
14293.1,3.94873
14293.2,4.04038
14293.4,4.13846
14293.6,4.29825
14293.8,4.48804
14294,4.7123
14294.2,4.97578
14294.4,5.28343
14294.6,5.64026
14294.9,6.05122
14295,6.49721
14295.2,6.76659
14295.3,7.02691
14295.4,7.33068
14295.5,7.62302
14295.6,7.9627
14295.7,8.28817
14295.9,8.98718
14296.1,9.79
14296.3,10.6618
14296.5,11.599
14296.7,12.5474
14296.9,13.4421
14297.1,14.3693
14297.4,16.2916
14297.8,18.2432
14298.1,20.0874
14298.3,20.987
14298.5,21.8377
14298.7,22.6273
14298.9,23.3068
14299.1,24.0755
14299.3,24.678
14299.5,25.1929
14299.7,25.4804
14299.8,25.5736
14300,25.6141
14300,25.6159
14300.1,25.6017
14300.2,25.5576
14300.4,25.3263
14300.6,24.9021
14300.8,24.4471
14301,23.9253
14301.1,23.3591
14301.3,22.7684
14301.5,22.0814
14301.6,21.391
14301.9,19.955
14302.2,18.4278
14302.8,15.2938
14303.1,13.671
14303.2,12.8669
14303.4,12.1393
14303.5,11.3948
14303.7,10.7291
14303.9,10.0557
14304,9.46026
14304.2,8.86432
14304.3,8.34283
14304.5,7.82619
14304.6,7.37851
14304.8,6.9392
14304.9,6.56204
14305.1,6.21711
14305.2,5.90292
14305.4,5.52899
14305.6,5.21791
14305.8,4.93282
14306,4.69838
14306.2,4.48583
14306.4,4.31276
14306.6,4.16444
14306.8,4.03779
14307,3.92476
14307.2,3.83398
14307.4,3.75702
14307.6,3.69184
14307.8,3.63399
14307.9,3.58763
14308.3,3.51482
14308.7,3.46055
14309.1,3.42053
14309.5,3.39027
14309.9,3.36725
14310.3,3.34825
14310.6,3.33298
14311.4,3.30863
14312,3.29424
14312.6,3.28219
14313.7,3.26299
14314.9,3.24829
14316,3.23671
14317.2,3.22717
14318.4,3.2192
14319.5,3.21241
14320.7,3.20656
14323,3.19668
14325.3,3.1886
14327.6,3.18168
14329.9,3.17561
14332.7,3.16909
14335.5,3.16316
14338.3,3.15767
14341,3.1525
14343.8,3.14754
14346.6,3.14276
14352.2,3.13357
14357.7,3.12472
14363.3,3.11608
14368.8,3.10758
14374.4,3.09918
14382.7,3.08666
14391.1,3.07418
14399.4,3.06172
14407.7,3.04924
14416.1,3.03671
14424.4,3.02409
14441.1,2.99873
14457.8,2.97301
14474.4,2.94692
14507.8,2.89353
14542.4,2.83614
14576.9,2.77649
14631.3,2.67756
14685.6,2.57141
14740,2.45681
14794.3,2.33231
14848.7,2.19595
14903,2.04583
14930.2,1.96501
14957.4,1.87956
14984.5,1.78933
15011.7,1.69414
15048.8,1.55482
15067.3,1.48084
15085.8,1.40385
15104.3,1.32393
15122.9,1.24053
15141.4,1.15369
15159.9,1.06343
15174.7,0.98863
15189.5,0.911761
15204.4,0.832745
15219.2,0.751849
15248.8,0.585306
15278.5,0.415935
15295.8,0.318675
15304.4,0.271377
15313,0.22539
15317.4,0.203103
15321.7,0.181432
15326,0.160406
15330.3,0.140119
15334.7,0.120627
15339,0.102135
15343.3,0.0847221
15347.6,0.0685285
15351,0.0567421
15354.4,0.0458769
15357.8,0.0359712
15361.2,0.0272198
15364.6,0.0197139
15366.3,0.0164573
15368,0.0135628
15369.7,0.0110114
15371.4,0.00884226
15373.1,0.00707799
15374,0.00635348
15374.8,0.0057434
15375.9,0.00511215
15377,0.00467009
15378.1,0.00441613
15379.1,0.004356
15379.7,0.00440572
15380.3,0.00451391
15380.9,0.00468147
15381.4,0.00490928
15382.6,0.00554923
15383.8,0.00643198
15384.9,0.00757989
15386.1,0.008994
15387.2,0.010683
15388.4,0.0126388
15389.9,0.0155635
15391.3,0.0189839
15392.8,0.0229158
15394.3,0.0273397
15397.2,0.0378892
15400.1,0.0507473
15403.1,0.0662058
15406,0.0843684
15408.9,0.105508
15411.9,0.129868
15413.5,0.144912
15415.1,0.16098
15416.7,0.178213
15418.4,0.196663
15420,0.216386
15421.6,0.237439
15423.2,0.259883
15424.8,0.283783
15426.5,0.309367
15428.1,0.336392
15429.7,0.365086
15431.3,0.395522
15432.9,0.427774
15434.6,0.461912
15436.2,0.498023
15437.8,0.536224
15439.5,0.578702
15441.2,0.623758
15442.9,0.671508
15444.6,0.721773
15446.3,0.775292
15448,0.831945
15449.7,0.891922
15451.4,0.955013
15453.1,1.0221
15454.8,1.09296
15456.5,1.16781
15458.2,1.24687
15459.9,1.3304
15461.6,1.41864
15463.3,1.51186
15465,1.60973
15466.7,1.71371
15468.4,1.82354
15470.1,1.93955
15471.8,2.06137
15473.5,2.19079
15475.2,2.32753
15476.9,2.47201
15478.6,2.62375
15480.2,2.78506
15481.9,2.95556
15483.6,3.13581
15485.4,3.32642
15487.1,3.52801
15488.8,3.74126
15490.4,3.96691
15492.1,4.20429
15493.8,4.45704
15495.5,4.72471
15497.2,5.00824
15498.9,5.30687
15500.6,5.62523
15502.3,5.96282
15504,6.32091
15505.7,6.69859
15507,7.00959
15508.4,7.3329
15509.7,7.67162
15511,8.02655
15512.3,8.40148
15513.6,8.79166
15514.9,9.20081
15516.2,9.6299
15517.5,10.0834
15518.9,10.5555
15520.2,11.0508
15521.5,11.5709
15522.8,12.1217
15524.1,12.6966
15525.4,13.3012
15526.7,13.9372
15528.4,14.8118
15530.1,15.7462
15531.8,16.7447
15533.5,17.8059
15535.2,18.9476
15536.9,20.1696
15538.6,21.478
15540.3,22.871
15542,24.3723
15543.7,25.9817
15545.4,27.7074
15547.1,29.5585
15548.8,31.5442
15550.5,33.6747
15552.2,35.9605
15553.9,38.3977
15555.8,41.3966
15557.8,44.6421
15559.7,48.1519
15561.6,51.9444
15563.5,56.0379
15565.5,60.4473
15567.4,65.1816
15569.3,70.2476
15571.6,76.7241
15573.9,83.6739
15576.2,91.0728
15578.5,98.8726
15580.8,106.997
15583.1,115.341
15585.4,123.767
15587.7,132.074
15589,136.653
15590.3,141.1
15590.9,143.33
15591.6,145.525
15592.2,147.75
15592.5,148.891
15592.9,150.061
15593.3,151.74
15593.7,153.534
15594.2,155.483
15594.6,157.632
15595.1,160.022
15595.3,161.318
15595.5,162.685
15595.7,164.125
15595.9,165.636
15596.4,168.784
15596.8,171.828
15597.2,174.992
15597.9,181.324
15598.3,184.123
15598.7,186.648
15598.9,187.978
15599.1,189.155
15599.4,190.562
15599.7,191.414
15600,192.038
15600,192.068
15600.1,192.172
15600.1,192.241
15600.3,192.318
15600.6,192.24
15600.9,191.802
15601.1,191.336
15601.3,190.741
15601.6,189.348
15602,187.66
15602.7,184.138
15603.1,182.223
15603.4,180.422
15603.8,178.687
15604.1,177.151
15604.5,175.748
15604.8,174.561
15605.2,173.517
15605.5,172.659
15605.8,172.15
15606,171.698
15606.5,170.949
15606.9,170.335
15607.4,169.81
15607.8,169.422
15608.2,169.059
15608.5,168.7
15608.9,168.334
15609.7,167.55
15610.4,166.699
15611.9,164.705
15613.4,162.357
15615.8,157.778
15618.2,152.52
15620.7,146.752
15623.1,140.712
15628,128.32
15632.8,116.304
15636.2,108.493
15639.5,101.21
15642.9,94.4483
15646.3,88.2512
15649.6,82.5638
15653,77.3895
15656.3,72.6609
15659.7,68.3672
15663.1,64.3997
15666.5,60.7975
15669.9,57.5129
15673.2,54.5136
15676.6,51.7703
15680,49.2566
15683.4,46.9491
15686.8,44.8268
15690.2,42.8655
15693.6,41.0603
15697,39.3905
15700.4,37.8429
15703.8,36.4062
15707.2,35.0698
15710.6,33.8248
15713.9,32.6628
15719.5,30.9182
15725.1,29.3572
15730.6,27.9449
15736.2,26.663
15741.7,25.4973
15747.2,24.4338
15752.8,23.4604
15758.4,22.5668
15765.1,21.5693
15771.9,20.6655
15778.7,19.8424
15785.5,19.0902
15792.3,18.3995
15799,17.7652
15805.8,17.1803
15812.6,16.6394
15820,16.0938
15827.4,15.5901
15834.8,15.1238
15842.2,14.691
15857,13.913
15871.8,13.2355
15885.4,12.6854
15898.9,12.1924
15912.5,11.749
15926.1,11.3493
15939.6,10.9853
15953.2,10.6541
15966.8,10.3509
15980.4,10.0722
16007.5,9.57844
16034.6,9.15427
16061.8,8.78577
16088.9,8.46288
16111.1,8.22704
16133.3,8.01374
16155.5,7.81845
16177.7,7.63933
16222.1,7.32212
16266.5,7.05019
16315.8,6.79064
16365.1,6.56539
16414.5,6.36896
16463.8,6.195
16498.3,6.08501
16532.9,5.98299
16567.4,5.8885
16601.9,5.80063
16629.1,5.7359
16656.2,5.67483
16683.3,5.61734
16696.9,5.59002
16710.5,5.56372
16729,5.52968
16747.5,5.49815
16756.7,5.48357
16766,5.46997
16775.2,5.45746
16784.5,5.44657
16796.2,5.43573
16802.1,5.43199
16807.9,5.42973
16813.8,5.42934
16819.6,5.43139
16825.5,5.43652
16831.3,5.44604
16837.5,5.46268
16843.7,5.48917
16846.8,5.50764
16849.8,5.53068
16852.9,5.55954
16856,5.59601
16859.4,5.64819
16862.8,5.71734
16866.2,5.81093
16869.6,5.94079
16871.7,6.05104
16873.9,6.19113
16876,6.37459
16877.1,6.48791
16878.2,6.61845
16879,6.73334
16879.8,6.86192
16880.6,7.00828
16881.5,7.17586
16882.3,7.36901
16883.1,7.59327
16883.9,7.85584
16884.7,8.16618
16885.1,8.35452
16885.5,8.55714
16886,8.78082
16886.4,9.02871
16886.8,9.31147
16887.2,9.62057
16887.7,9.96773
16888.1,10.3597
16888.5,10.8158
16888.9,11.3254
16889.4,11.9258
16889.6,12.2528
16889.8,12.6048
16890,13.0032
16890.2,13.4146
16890.4,13.8594
16890.6,14.341
16890.8,14.8889
16891.1,15.4574
16891.3,16.0748
16891.5,16.7455
16891.7,17.6206
16892,18.5873
16892.2,19.6551
16892.5,20.834
16892.7,22.1343
16893,23.5663
16893.2,25.1404
16893.5,26.8664
16893.7,28.5183
16893.9,30.2165
16894.1,32.0374
16894.3,33.984
16894.5,36.1601
16894.8,38.3682
16895,40.703
16895.2,43.1611
16895.4,45.8631
16895.6,48.5553
16896,54.2289
16896.4,60.1929
16896.9,66.2985
16897.3,72.0761
16897.7,77.6304
16898.1,82.7633
16898.3,85.1087
16898.4,87.1706
16898.7,89.1437
16898.8,90.8114
16899,92.3304
16899.2,93.5332
16899.4,94.5324
16899.6,95.2176
16899.8,95.6381
16900,95.7895
16900.2,95.6265
16900.4,95.1347
16900.6,94.321
16900.8,93.1962
16901.1,91.7749
16901.3,90.0754
16901.5,88.119
16901.7,85.9297
16901.9,83.5337
16902.1,80.9587
16902.5,75.525
16902.9,69.735
16903.3,63.7964
16903.8,57.4708
16904.2,51.3827
16904.4,48.4756
16904.7,45.6793
16904.9,43.0049
16905.1,40.5731
16905.3,38.1578
16905.5,35.8809
16905.8,33.7435
16906,31.8327
16906.2,29.9641
16906.4,28.228
16906.6,26.6196
16906.8,25.1982
16907.1,23.4664
16907.4,21.9085
16907.7,20.5101
16907.9,19.2992
16908.2,18.1724
16908.5,17.1636
16908.8,16.2602
16909,15.4779
16909.3,14.8983
16909.5,14.3654
16909.7,13.875
16909.9,13.4428
16910.1,13.0241
16910.4,12.6372
16910.6,12.279
16910.8,11.9615
16911.2,11.3641
16911.7,10.8565
16912.1,10.402
16912.5,10.0109
16913,9.65651
16913.4,9.34141
16913.9,9.05981
16914.3,8.81245
16914.7,8.58395
16915.2,8.38159
16916,8.02535
16916.9,7.72697
16917.8,7.47424
16918.6,7.25807
16919.5,7.07157
16920.4,6.90942
16921.2,6.76747
16922.1,6.64243
16923,6.53168
16924.2,6.39949
16925.4,6.28574
16927.7,6.10157
16930.1,5.95846
16932.5,5.84555
16936,5.71711
16939.5,5.62027
16942.9,5.54465
16946.4,5.48451
16949.8,5.43741
16953.1,5.39798
16956.4,5.3643
16959.7,5.33534
16966.4,5.2877
16973,5.2499
16979.4,5.22026
16985.7,5.19497
16992,5.17284
16998.4,5.15321
17004.7,5.13547
17011,5.11927
17023.7,5.09024
17036.4,5.06452
17049,5.04102
17061.7,5.01915
17074.4,4.99857
17087,4.97899
17099.7,4.96019
17125,4.92445
17145.3,4.89725
17165.6,4.87102
17185.8,4.8456
17206.1,4.82086
17246.6,4.77311
17287.2,4.72727
17342.9,4.66677
17398.7,4.60861
17454.4,4.55236
17510.1,4.49765
17611.5,4.40117
17702.7,4.31653
17748.3,4.27463
17793.9,4.23286
17839.5,4.19111
17885.1,4.14928
17907.9,4.1283
17930.7,4.10729
17953.5,4.08624
17976.3,4.06514
17994.1,4.04872
18011.8,4.03234
18029.5,4.01603
18047.3,3.99985
18056.1,3.99186
18065,3.98398
18073.9,3.97624
18082.7,3.96872
18091.6,3.96147
18100.5,3.95462
18109.3,3.94837
18118.2,3.94298
18123.6,3.94033
18129,3.93839
18134.4,3.93737
18139.7,3.93766
18145.1,3.93978
18150.5,3.94449
18153.2,3.94833
18155.9,3.95348
18158.6,3.9603
18161.3,3.96929
18163.5,3.97883
18165.7,3.99082
18167.9,4.00599
18170.1,4.02529
18172.4,4.05048
18174.6,4.08357
18176.8,4.12828
18179,4.1897
18181.1,4.27025
18182.1,4.32294
18183.1,4.38714
18184.2,4.46658
18185.2,4.56667
18186.2,4.69576
18186.7,4.77601
18187.2,4.86773
18187.8,4.98746
18188.4,5.13062
18188.9,5.3121
18189.2,5.4207
18189.5,5.53969
18189.8,5.68088
18190,5.84394
18190.3,6.03354
18190.6,6.24683
18190.9,6.5063
18191.1,6.80106
18191.3,6.974
18191.4,7.16247
18191.5,7.36794
18191.7,7.57539
18191.8,7.87323
18192,8.20427
18192.2,8.57215
18192.4,8.98074
18192.5,9.43422
18192.7,9.93698
18192.9,10.4937
18193,11.0712
18193.2,11.7466
18193.4,12.4905
18193.5,13.3081
18193.7,14.1496
18193.9,15.1251
18194,16.1891
18194.2,17.3463
18194.4,18.5244
18194.5,19.3861
18194.6,20.291
18194.7,21.2398
18194.8,22.2332
18195,24.3554
18195.2,26.5509
18195.5,29.0273
18195.7,31.6795
18195.9,34.4987
18196.1,37.3337
18196.3,40.7259
18196.6,44.253
18197.1,51.4107
18197.5,58.1626
18197.9,64.6322
18198.2,68.4408
18198.5,71.7835
18198.7,74.2121
18198.9,76.2441
18199.2,78.1117
18199.4,79.517
18199.5,80.2485
18199.7,80.7593
18199.8,81.1001
18199.9,81.2686
18200,81.2878
18200.2,81.066
18200.5,80.3804
18200.7,79.0641
18201,77.2859
18201.2,75.337
18201.4,73.1726
18201.7,70.1312
18201.9,66.8886
18202.1,63.8286
18202.3,60.7706
18202.8,54.4088
18203.2,47.8113
18203.6,41.4034
18203.8,38.4119
18204,35.6732
18204.2,32.9292
18204.4,30.4527
18204.6,28.0049
18204.9,25.8242
18205,23.7929
18205.2,21.9111
18205.4,20.5969
18205.5,19.3642
18205.7,18.2113
18205.8,17.2051
18206,16.1992
18206.1,15.3254
18206.3,14.4556
18206.4,13.7031
18206.6,12.9571
18206.7,12.3139
18206.9,11.6785
18207,11.1324
18207.1,10.5944
18207.3,10.1332
18207.4,9.67998
18207.6,9.29225
18207.7,8.98513
18207.8,8.69968
18207.9,8.43446
18208,8.20795
18208.2,7.97773
18208.3,7.76391
18208.5,7.39571
18208.8,7.06296
18209,6.78642
18209.2,6.54532
18209.4,6.33456
18209.7,6.14218
18209.9,5.98029
18210.2,5.83127
18210.4,5.70471
18210.6,5.58709
18210.9,5.48619
18211.3,5.31282
18211.8,5.17791
18212.2,5.06317
18212.6,4.96431
18213,4.88006
18213.9,4.73672
18214.7,4.62381
18215.6,4.53071
18216.4,4.45444
18217.3,4.38959
18218.2,4.33508
18220,4.24005
18221.9,4.16914
18223.8,4.11451
18225.6,4.07157
18227.5,4.03673
18229.4,4.00813
18231.2,3.98426
18233.1,3.96411
18235.4,3.94266
18237.8,3.92466
18240.1,3.90922
18242.4,3.89589
18247.1,3.87378
18251.8,3.85614
18256.4,3.84134
18261.1,3.82859
18265.8,3.81734
18270.4,3.80725
18276,3.79623
18281.6,3.78613
18287.2,3.7767
18292.8,3.76784
18304,3.75109
18315.2,3.73533
18326.4,3.72017
18337.6,3.70541
18348.8,3.69089
18360,3.67652
18384.9,3.64469
18397.4,3.62874
18409.8,3.6127
18434.7,3.58028
18459.6,3.54723
18484.5,3.51334
18509.4,3.47854
18559.1,3.40587
18599,3.34409
18638.8,3.27861
18693.5,3.1814
18748.3,3.07439
18803,2.95548
18857.8,2.82195
18900.1,2.70638
18942.4,2.5778
18984.7,2.43404
19005.9,2.35524
19027,2.27131
19054.4,2.15411
19081.8,2.02608
19109.2,1.88565
19122.8,1.81022
19136.5,1.73115
19149.6,1.65179
19162.7,1.56858
19175.7,1.48133
19188.8,1.38978
19201.9,1.29365
19214.9,1.19303
19228,1.08752
19241.1,0.977518
19249.8,0.901407
19258.5,0.823452
19267.2,0.743746
19275.9,0.662526
19293.3,0.497426
19302,0.414894
19310.8,0.333468
19315.7,0.288092
19320.7,0.243964
19325.7,0.201508
19330.7,0.161308
19335.6,0.123713
19338.1,0.10616
19340.6,0.0896339
19343.1,0.0742344
19345.6,0.0600736
19348.1,0.0472872
19350.6,0.0360627
19352,0.0301476
19353.5,0.0248681
19355,0.0202723
19356.5,0.0164323
19358,0.0133426
19358.7,0.0121048
19359.4,0.0110802
19360.2,0.0102754
19360.9,0.0096976
19361.7,0.0093541
19362.4,0.00925218
19363.4,0.00951813
19364.4,0.0102693
19365.4,0.011527
19366.4,0.0133131
19367.5,0.0156501
19368.5,0.0185608
19369.5,0.0220692
19370.5,0.0262006
19371.4,0.0306296
19372.3,0.0355893
19374.2,0.0474038
19376.1,0.0618545
19378,0.0790399
19379.8,0.0993368
19381.7,0.122771
19383.5,0.149911
19385.4,0.180795
19387.1,0.213086
19388.8,0.249018
19390.5,0.289061
19392.3,0.333537
19394,0.382795
19395.7,0.437217
19397.4,0.497218
19399.1,0.563247
19400.8,0.636241
19402.5,0.715889
19404.2,0.803181
19406,0.898758
19406.8,0.950174
19407.7,1.00332
19408.5,1.05953
19409.4,1.11762
19410.2,1.17906
19411.1,1.24252
19411.9,1.30962
19412.8,1.37892
19413.7,1.45218
19414.5,1.52875
19415.4,1.60876
19416.2,1.69138
19417.1,1.7787
19417.9,1.86886
19418.8,1.96416
19419.6,2.06256
19420.5,2.16656
19421.4,2.27394
19422.2,2.38745
19423.1,2.50466
19423.9,2.62857
19424.8,2.75654
19425.6,2.89183
19426.5,3.03157
19427.3,3.17933
19428.2,3.33198
19429,3.49343
19429.9,3.66025
19430.8,3.83673
19431.6,4.01913
19432.5,4.21213
19433.3,4.41165
19434.2,4.62284
19435,4.84123
19435.9,5.07246
19436.7,5.31165
19437.6,5.56498
19438.5,5.82712
19439.3,6.10487
19440.2,6.39238
19441,6.69711
19441.9,7.01648
19442.7,7.35127
19443.6,7.69811
19444.4,8.06602
19445.3,8.44733
19446.2,8.85198
19447,9.27154
19447.9,9.71697
19448.7,10.179
19449.6,10.6698
19450.4,11.1791
19451.3,11.7202
19452.1,12.2821
19453,12.8793
19453.9,13.4996
19454.7,14.1593
19455.6,14.8531
19456.4,15.5827
19457.3,16.3412
19458.1,17.1484
19459,17.9877
19459.9,18.8811
19460.7,19.8104
19461.6,20.7998
19462.4,21.829
19463.3,22.925
19464.1,24.0653
19465,25.2795
19465.8,26.5426
19466.7,27.8876
19467.5,29.2864
19468.4,30.7576
19469.2,32.3046
19470.1,33.9309
19470.9,35.6399
19471.8,37.4351
19472.6,39.3197
19473.5,41.2971
19474.3,43.37
19475.2,45.5413
19476,47.813
19476.9,50.1872
19477.7,52.6653
19479.4,57.9374
19481.1,63.6303
19482.2,67.3879
19483.2,71.2598
19485.4,79.4466
19487.5,88.0741
19488.5,92.5345
19489.6,97.0331
19490.3,100.318
19490.7,101.973
19491.1,103.663
19491.5,105.445
19491.8,107.242
19492.2,109.119
19492.6,111.097
19492.9,113.261
19493.3,115.528
19493.7,117.983
19494,120.657
19494.4,123.577
19494.8,126.767
19495.2,130.239
19495.5,133.993
19496,138.686
19496.4,143.676
19496.8,148.862
19497.2,154.106
19497.7,159.586
19498.2,164.591
19498.4,167.328
19498.7,169.718
19498.9,171.446
19499.1,172.904
19499.4,174.611
19499.7,175.9
19499.8,176.469
19500,176.874
19500.2,177.14
19500.4,177.177
19500.7,176.857
19501,176.088
19501.2,175.185
19501.4,174.101
19501.7,172.382
19502,170.457
19502.3,168.407
19502.5,166.299
19503,161.78
19503.7,156.65
19504,154.197
19504.2,151.868
19504.5,149.687
19504.9,147.671
19505.1,145.826
19505.5,144.153
19505.7,142.79
19506,141.597
19506.2,140.475
19506.5,139.496
19506.8,138.573
19507,137.763
19507.6,136.332
19508.1,135.063
19508.6,133.935
19509.1,132.849
19509.7,131.807
19510.5,130.045
19511.4,128.228
19512.3,126.29
19513.1,124.272
19514.8,119.95
19516.6,115.399
19519.4,107.705
19522.2,100.06
19525,92.6857
19527.8,85.7989
19530,80.7455
19532.2,76.0636
19534.4,71.7055
19536.6,67.6981
19538.8,63.9886
19541,60.5902
19543.2,57.4637
19545.4,54.5869
19548,51.5256
19550.5,48.7524
19553.1,46.226
19555.6,43.9205
19558.2,41.8127
19560.7,39.8817
19563.3,38.1091
19565.8,36.4785
19568.4,34.97
19570.9,33.5823
19573.5,32.2981
19576,31.1073
19578.6,30.0011
19581.1,28.9716
19583.7,28.0117
19586.2,27.1151
19590.2,25.8388
19594.1,24.6874
19598.1,23.6423
19602,22.6873
19606,21.8107
19609.9,21.0084
19613.8,20.2702
19617.8,19.5891
19622.9,18.781
19628,18.0489
19633.1,17.3819
19638.2,16.7721
19643.3,16.2117
19648.4,15.6971
19653.5,15.2222
19658.6,14.7828
19664.2,14.3391
19669.7,13.9292
19680.9,13.1974
19692,12.5635
19703.1,12.0109
19713.3,11.5607
19723.5,11.1578
19733.8,10.7946
19744,10.4666
19754.2,10.168
19764.4,9.89595
19774.6,9.64646
19784.8,9.41725
19805.2,9.01021
19825.6,8.65993
19846,8.35534
19866.4,8.08809
19883.1,7.89265
19899.8,7.71572
19933.2,7.40495
19966.6,7.14148
20000,6.9155
20034.4,6.71424
20068.7,6.53844
20103.1,6.38323
20137.5,6.24521
20203.1,6.01986
20268.7,5.83269
20334.3,5.67411
20399.9,5.53733
20462.4,5.42329
20496.7,5.36616
20531.1,5.3124
20565.4,5.26166
20599.8,5.21365
20614.6,5.19369
20629.5,5.17418
20644.3,5.15509
20659.2,5.1364
20674,5.11812
20688.8,5.10025
20703.7,5.08279
20711.1,5.07424
20718.5,5.06585
20726.3,5.05718
20734.1,5.04874
20738,5.04464
20741.9,5.04065
20745.8,5.03678
20749.7,5.03307
20753.2,5.02991
20756.8,5.02701
20760.3,5.02444
20763.8,5.02237
20767.3,5.021
20770.8,5.02073
20772.6,5.02121
20774.3,5.02228
20776.1,5.02415
20777.9,5.02709
20779.5,5.03128
20781.2,5.03744
20782.8,5.0465
20783.7,5.0526
20784.5,5.06014
20785.3,5.0696
20786.2,5.08173
20787,5.09785
20787.8,5.12052
20788.2,5.13603
20788.6,5.15514
20789.1,5.18048
20789.5,5.21319
20789.9,5.25835
20790.3,5.31858
20790.7,5.40355
20791.1,5.51803
20791.4,5.63209
20791.7,5.77121
20792,5.95151
20792.4,6.1689
20792.7,6.4467
20792.8,6.60343
20793,6.7763
20793.1,6.97986
20793.3,7.18999
20793.4,7.42006
20793.6,7.67131
20793.7,7.96403
20793.9,8.26289
20794,8.58654
20794.2,8.93603
20794.3,9.33839
20794.5,9.7442
20794.6,10.1784
20794.8,10.6415
20795,11.1678
20795.1,11.6915
20795.2,12.2445
20795.4,12.8264
20795.6,13.4783
20795.7,14.1176
20796,15.473
20796.2,16.5251
20796.5,17.6187
20796.9,19.8937
20797.3,22.212
20797.8,24.4191
20798,25.5855
20798.2,26.6367
20798.5,27.6056
20798.7,28.4763
20799,29.3236
20799.2,30.0074
20799.5,30.5582
20799.7,30.8174
20800,30.9383
20800,30.9418
20800.1,30.9323
20800.2,30.8987
20800.4,30.7159
20800.6,30.3931
20800.8,30.0058
20801,29.5229
20801.3,28.5107
20801.6,27.3209
20801.9,26.0082
20802.2,24.5737
20802.8,21.5419
20803.5,18.2024
20803.8,16.6037
20804.1,15.1371
20804.4,13.7287
20804.6,13.0694
20804.7,12.4419
20804.9,11.8469
20805,11.2851
20805.2,10.7565
20805.4,10.291
20805.6,9.60596
20805.8,8.99231
20806.1,8.44679
20806.3,7.96539
20806.6,7.54355
20806.8,7.17638
20807,6.85884
20807.3,6.59642
20807.5,6.36154
20807.8,6.16175
20808,5.99263
20808.2,5.85552
20808.5,5.73487
20808.7,5.63379
20808.9,5.54929
20809.2,5.48142
20809.4,5.42207
20809.6,5.37248
20810.1,5.29746
20810.6,5.24281
20811.1,5.20379
20811.6,5.17388
20812,5.15118
20812.5,5.13261
20813,5.11762
20814.1,5.09032
20815.2,5.07014
20816.3,5.05441
20817.4,5.04172
20818.5,5.03123
20819.6,5.02241
20820.7,5.01486
20821.8,5.00831
20824.1,4.99744
20826.3,4.98868
20828.5,4.98136
20830.7,4.97509
20833.3,4.96884
20835.8,4.96336
20838.3,4.95842
20840.9,4.95393
20845.3,4.94678
20849.8,4.94029
20854.2,4.93428
20858.6,4.92862
20863.1,4.92323
20867.5,4.91805
20872,4.91303
20876.4,4.90814
20885.3,4.8987
20894.2,4.88954
20903,4.88063
20911.9,4.8719
20924,4.86032
20936,4.84897
20948.1,4.83785
20960.1,4.82687
20984.2,4.80538
21008.3,4.78445
21032.4,4.76399
21056.5,4.74395
21104.7,4.70499
21160.5,4.66154
21216.3,4.61959
21272.1,4.57888
21327.9,4.53922
21368.5,4.51093
21480.1,4.4349
21535.9,4.39753
21591.7,4.36042
21647.6,4.32339
21703.4,4.2863
21731.3,4.2677
21759.2,4.24901
21787.1,4.23027
21815,4.21146
21836.5,4.19684
21858.1,4.18219
21879.7,4.16752
21901.2,4.15286
21912,4.14555
21922.8,4.13828
21933.6,4.13105
21944.4,4.1239
21955.1,4.11688
21965.9,4.11004
21976.7,4.10347
21987.5,4.09729
21997.6,4.09205
22007.8,4.08766
22014.1,4.08557
22020.5,4.08405
22026.8,4.08361
22033.1,4.08459
22039.5,4.08766
22045.8,4.09387
22049,4.09863
22052.2,4.10499
22055.3,4.11351
22058.5,4.12486
22060.9,4.13582
22063.3,4.14954
22065.6,4.16681
22068,4.18879
22070.4,4.21719
22072.8,4.25466
22075.2,4.30516
22077.5,4.37468
22079.8,4.46667
22080.9,4.52706
22082,4.60092
22083.1,4.69269
22084.2,4.80901
22084.8,4.88006
22085.3,4.96021
22085.9,5.05483
22086.4,5.16379
22087,5.30604
22087.6,5.47751
22087.9,5.58022
22088.2,5.69593
22088.5,5.82706
22088.8,5.97127
22089.1,6.14198
22089.4,6.33889
22089.7,6.5672
22090,6.8236
22090.3,7.13292
22090.6,7.49564
22090.7,7.7001
22090.9,7.92178
22091,8.1622
22091.2,8.40487
22091.3,8.74507
22091.5,9.11987
22091.7,9.53254
22091.9,9.96016
22092.1,10.4565
22092.2,11.0014
22092.4,11.5986
22092.6,12.2144
22092.8,12.9249
22093,13.6996
22093.1,14.5425
22093.3,15.4046
22093.5,16.3909
22093.7,17.456
22093.8,18.6032
22094,19.7644
22094.2,21.3823
22094.5,23.1325
22094.7,25.0163
22094.9,27.0331
22095.1,29.1802
22095.3,31.4527
22095.5,33.843
22095.8,36.2254
22096,39.5354
22096.3,42.9679
22096.9,49.9087
22097.3,55.4428
22097.8,60.7221
22098,63.0834
22098.2,65.2046
22098.4,67.2739
22098.6,69.0723
22098.8,70.833
22099,72.3427
22099.2,73.4287
22099.4,74.3009
22099.6,74.9502
22099.8,75.3698
22100,75.5643
22100,75.5641
22100.1,75.5284
22100.2,75.4522
22100.4,75.175
22100.5,74.7004
22100.7,74.0877
22101,72.6433
22101.2,70.8287
22101.5,68.2843
22101.9,65.3121
22102.1,62.9848
22102.3,60.5092
22102.7,55.3552
22103.6,44.6754
22103.9,40.2459
22104.3,36.1221
22104.6,32.2424
22104.8,30.3579
22105,28.6528
22105.2,26.3747
22105.5,24.3375
22105.7,22.3662
22105.9,20.6245
22106.2,18.9584
22106.4,17.5023
22106.6,16.1781
22106.9,14.9791
22107.1,13.9425
22107.3,13.0473
22107.5,12.2011
22107.7,11.4744
22107.9,10.7909
22108.2,10.2065
22108.4,9.65883
22108.6,9.19188
22108.8,8.75528
22109,8.38354
22109.2,8.03617
22109.4,7.74036
22109.7,7.46367
22109.9,7.22764
22110.1,7.00632
22110.3,6.81691
22110.5,6.65404
22110.7,6.50631
22111.1,6.25549
22111.5,6.04527
22111.9,5.8673
22112.3,5.71507
22112.7,5.58354
22113,5.4688
22113.4,5.36783
22114.2,5.19825
22115,5.0613
22115.8,4.94836
22116.5,4.85369
22117.3,4.77614
22118,4.71003
22119.5,4.60164
22121,4.51685
22122.5,4.44899
22124,4.39332
22125.5,4.34756
22128.4,4.2766
22131.5,4.22195
22134.7,4.18092
22137.8,4.14882
22140.9,4.12323
22144,4.10224
22147.2,4.08478
22150.3,4.06995
22153.4,4.05717
22157.6,4.04242
22161.8,4.02978
22166,4.0187
22170.3,4.00891
22178.7,3.99205
22187.1,3.97774
22195.6,3.96523
22204,3.95373
22212.4,3.94307
22220.8,3.93302
22232.1,3.92026
22243.3,3.90804
22254.6,3.89617
22265.8,3.88456
22277.1,3.87305
22288.3,3.86164
22299.5,3.85027
22310.8,3.8389
22333.3,3.81606
22355.8,3.79297
22378.2,3.76948
22400.7,3.74549
22445.7,3.69564
22490.7,3.64282
22535.6,3.58645
22580.6,3.52586
22635.5,3.44476
22690.5,3.35439
22745.5,3.25259
22800.4,3.1364
22837.9,3.04682
22875.4,2.94707
22912.8,2.83547
22950.3,2.70891
22977.8,2.60479
23005.3,2.48931
23032.8,2.36048
23060.2,2.21588
23082.7,2.08358
23105.2,1.93665
23116.5,1.85697
23127.7,1.77286
23138.9,1.68403
23150.2,1.58976
23163.9,1.46686
23177.7,1.33495
23191.4,1.19346
23198.3,1.11902
23205.1,1.04208
23212.6,0.955275
23220.1,0.865769
23227.6,0.773533
23235.1,0.679175
23250.1,0.486145
23257.6,0.389803
23261.3,0.342298
23265.1,0.2958
23268.5,0.254084
23272,0.213836
23275.4,0.175327
23278.8,0.139268
23282.3,0.106012
23285.7,0.0764371
23287.4,0.0631986
23289.1,0.0511747
23290.9,0.0405026
23292.6,0.0313869
23293.5,0.0270698
23294.5,0.0232811
23295.4,0.0200503
23296.3,0.0174332
23297.3,0.015406
23298.2,0.0140453
23299.1,0.013358
23300.1,0.013396
23301,0.0142005
23301.9,0.015818
23302.9,0.018294
23303.8,0.0216354
23304.8,0.0259638
23305.7,0.0313008
23306.6,0.0377011
23307.6,0.0451365
23308.4,0.0530404
23309.3,0.0619832
23311,0.0832005
23312.7,0.10925
23314.4,0.140449
23316.2,0.177728
23317.9,0.221558
23319.6,0.272643
23321.3,0.331404
23323,0.399405
23324.7,0.477313
23325.6,0.520322
23326.5,0.566234
23327.3,0.615206
23328.2,0.666784
23329,0.722358
23329.9,0.781531
23330.8,0.844505
23331.6,0.911496
23332.5,0.98273
23333.3,1.05845
23334.2,1.13891
23335,1.22336
23336.2,1.34923
23337.4,1.48468
23338.6,1.63159
23339.7,1.79091
23340.9,1.9637
23342.1,2.1511
23343.2,2.35438
23344.4,2.57488
23345.3,2.7488
23346.1,2.93347
23347,3.12956
23347.8,3.33781
23348.7,3.55899
23349.6,3.79396
23350.4,4.0436
23351.3,4.30573
23352.1,4.58752
23353,4.88711
23353.9,5.2057
23354.7,5.54458
23355.6,5.90513
23356.4,6.28884
23357.3,6.69731
23358.2,7.13226
23359,7.59554
23359.9,8.08915
23360.7,8.6152
23361.6,9.16927
23362.5,9.76684
23363.3,10.4042
23364.2,11.0843
23365,11.8013
23365.9,12.5754
23366.7,13.4018
23367.6,14.2843
23368.5,15.2269
23369.3,16.2336
23370.2,17.3089
23371,18.4576
23371.9,19.6698
23372.8,20.9791
23373.6,22.3771
23374.5,23.8695
23375.3,25.4618
23376.2,27.1599
23377,28.9696
23377.9,30.8965
23378.8,32.9213
23379.5,34.6819
23380.2,36.5293
23380.9,38.4653
23381.5,40.462
23382.2,42.5783
23383,44.7865
23384.3,49.4426
23385.7,54.4859
23387.1,59.8181
23388.5,65.4736
23389.2,68.3931
23389.9,71.3242
23390.6,74.1761
23390.9,75.6206
23391.2,77.0785
23391.6,78.5512
23391.9,80.0407
23392.2,81.549
23392.6,83.0789
23392.9,84.6333
23393.2,86.2152
23393.5,87.8278
23393.9,89.4736
23394.2,91.1549
23394.5,92.8726
23394.9,94.6265
23395.2,96.3596
23395.6,98.3982
23395.9,100.465
23396.3,102.545
23396.7,104.621
23397.4,108.667
23397.8,110.583
23398.1,112.342
23398.4,113.576
23398.7,114.726
23399,115.781
23399.2,116.732
23399.6,117.855
23399.8,118.395
23399.9,118.714
23400,118.841
23400.1,119.115
23400.3,119.418
23400.6,119.816
23400.9,120.06
23401.2,120.159
23401.3,120.162
23401.4,120.157
23401.6,120.122
23401.9,119.949
23402.2,119.655
23402.9,118.782
23403.5,117.652
23403.9,117.034
23404.2,116.417
23404.5,115.812
23405,114.897
23405.4,114.015
23405.9,113.132
23406.4,112.286
23406.8,111.432
23407.3,110.598
23407.8,109.739
23408.2,108.88
23408.5,108.25
23408.9,107.605
23409.2,106.944
23409.5,106.264
23410.2,104.85
23410.9,103.361
23411.5,101.802
23412.2,100.18
23413.5,96.811
23416.1,89.6837
23418.8,82.5603
23420.5,78.0626
23422.2,73.7656
23423.9,69.7044
23425.6,65.9178
23427.3,62.366
23429.1,59.0676
23430.8,56.0128
23432.5,53.204
23434.2,50.5934
23435.9,48.1822
23437.7,45.9548
23439.4,43.896
23441.1,41.9915
23442.8,40.2278
23444.5,38.5928
23446.2,37.0836
23448,35.6722
23449.7,34.3586
23451.4,33.1342
23453.1,31.9913
23454.8,30.9232
23456.6,29.9238
23460,28.114
23463.4,26.5104
23466.9,25.085
23470.3,23.8126
23473.8,22.6754
23477.2,21.6485
23480.6,20.7203
23484.1,19.8782
23487.5,19.1134
23490.9,18.4125
23494.4,17.77
23497.8,17.1793
23501.2,16.6362
23504.7,16.1326
23508.1,15.6671
23515,14.8307
23519.4,14.3551
23523.7,13.9192
23528.1,13.5167
23532.5,13.1459
23541.2,12.4832
23550,11.9073
23556.9,11.506
23563.7,11.1437
23570.6,10.8141
23577.5,10.514
23584.4,10.2389
23591.2,9.98649
23605,9.53884
23618.7,9.15392
23632.5,8.8198
23646.2,8.52712
23660,8.26888
23672.5,8.05956
23685,7.86991
23710,7.54009
23735,7.26383
23760,7.02872
23787.5,6.80754
23815,6.61739
23842.5,6.45204
23870,6.30692
23912.4,6.11423
23954.9,5.95204
23997.4,5.81261
24039.9,5.69171
24094.9,5.55687
24149.9,5.44105
24204.9,5.34006
24259.9,5.25099
24329.9,5.15143
24399.9,5.06389
24447.4,5.01013
24471.1,4.98468
24494.9,4.96008
24518.6,4.93628
24542.4,4.91324
24566.1,4.89086
24578,4.87991
24589.9,4.86912
24597.4,4.86237
24604.9,4.85568
24612.4,4.84904
24619.8,4.84245
24625.8,4.83727
24631.7,4.83212
24637.7,4.82701
24643.6,4.82194
24649.5,4.81693
24652.5,4.81444
24655.5,4.81199
24658.4,4.80956
24661.4,4.80717
24664.4,4.80484
24667.4,4.80261
24669.7,4.80093
24672,4.79938
24674.4,4.79799
24676.7,4.79687
24679.1,4.79616
24680.2,4.79606
24681.4,4.79619
24682.6,4.79665
24683.8,4.79759
24684.9,4.79927
24685.5,4.80058
24686.1,4.80234
24686.6,4.80449
24687.1,4.80751
24687.6,4.8119
24688.1,4.81843
24688.4,4.82296
24688.6,4.82836
24688.9,4.83531
24689.2,4.84362
24689.4,4.85434
24689.7,4.86712
24689.9,4.88286
24690.2,4.90222
24690.4,4.92699
24690.7,4.95616
24690.9,4.99316
24691.2,5.03634
24691.5,5.09053
24691.7,5.15307
24692,5.2274
24692.2,5.31523
24692.5,5.42281
24692.7,5.54382
24693,5.69002
24693.2,5.85214
24693.5,6.04516
24693.7,6.25603
24694,6.49321
24694.2,6.75797
24694.5,7.01447
24694.7,7.2802
24694.9,7.58048
24695.1,7.88775
24695.3,8.23061
24695.5,8.57693
24696,9.33811
24697.7,12.6851
24698,13.2766
24698.3,13.8136
24698.7,14.2804
24699,14.6629
24699.3,14.9046
24699.5,15.0766
24699.8,15.1626
24699.9,15.1957
24700,15.1994
24700.1,15.1916
24700.3,15.1449
24700.7,14.9717
24700.9,14.7902
24701.1,14.5601
24701.4,14.2848
24701.6,13.9832
24701.9,13.5192
24702.2,13.0047
24702.8,11.8928
24703.4,10.7055
24704,9.56656
24704.3,8.91454
24704.7,8.30866
24705,7.75636
24705.4,7.27491
24705.8,6.83833
24706.1,6.4604
24706.5,6.13842
24706.8,5.87511
24707.2,5.65051
24707.6,5.46732
24707.9,5.31988
24708.3,5.20558
24708.6,5.11287
24709,5.04076
24709.3,4.98519
24709.7,4.94371
24710,4.91431
24710.3,4.8913
24710.7,4.87331
24711,4.85959
24711.3,4.8484
24711.6,4.83978
24711.9,4.83261
24712.2,4.8268
24712.9,4.81812
24713.5,4.81172
24714.1,4.80684
24714.7,4.80303
24715.3,4.79982
24716.5,4.79444
24717.7,4.79005
24718.9,4.78635
24720.1,4.78314
24721.3,4.78031
24723.7,4.77549
24726,4.77142
24728.4,4.76786
24730.8,4.76465
24733.2,4.76172
24737,4.75741
24740.8,4.75347
24745.9,4.74855
24750.3,4.74447
24754.8,4.74056
24759.2,4.73676
24763.6,4.73306
24768.1,4.72943
24772.5,4.72587
24781.4,4.71889
24791.5,4.71109
24801.7,4.70344
24811.9,4.69592
24822,4.6885
24832.2,4.68117
24842.3,4.67394
24862.6,4.65968
24882.9,4.64568
24903.2,4.6319
24923.5,4.61834
24943.8,4.60497
24989.5,4.57551
25035.2,4.54684
25080.9,4.51878
25126.6,4.49124
25218,4.43737
25309.4,4.38457
25350,4.36128
25456.6,4.30014
25563.2,4.23824
25616.5,4.20666
25669.9,4.17454
25723.2,4.14166
25749.8,4.12489
25776.5,4.10788
25794.2,4.09638
25812,4.08474
25829.8,4.07297
25847.5,4.06104
25865.3,4.04898
25874.2,4.04287
25883.1,4.03672
25892,4.03052
25900.8,4.02427
25909.7,4.01797
25918.6,4.01163
25924.6,4.00729
25930.7,4.00292
25936.7,3.99853
25942.7,3.99413
25948.8,3.98972
25951.8,3.98751
25954.8,3.98532
25957.8,3.98313
25960.8,3.98098
25963.8,3.97885
25966.8,3.9768
25969.2,3.97525
25971.6,3.97379
25974,3.97248
25976.4,3.9714
25978.8,3.97068
25979.9,3.97055
25981.1,3.97063
25982.3,3.97101
25983.5,3.97183
25984.7,3.97335
25985.3,3.97456
25985.9,3.97623
25986.5,3.97849
25987,3.98175
25987.6,3.98678
25987.8,3.99026
25988.1,3.99446
25988.4,3.99992
25988.7,4.00681
25989,4.01552
25989.2,4.02608
25989.5,4.03981
25989.8,4.05707
25990.1,4.07869
25990.3,4.10456
25990.6,4.13772
25990.9,4.17862
25991.2,4.22876
25991.4,4.28744
25991.7,4.3608
25992,4.4489
25992.3,4.5539
25992.5,4.67329
25992.8,4.81815
25993.1,4.98672
25993.4,5.18122
25993.7,5.39522
25993.9,5.64626
25994.2,5.92829
25994.5,6.24213
25994.8,6.57509
25995.2,7.09306
25995.5,7.66509
25995.9,8.28413
25996.3,8.92211
25997,10.2845
25997.4,10.956
25997.8,11.5776
25998.1,12.0741
25998.4,12.5191
25998.8,12.9008
25999.1,13.2003
25999.3,13.3922
25999.6,13.522
25999.8,13.5901
26000,13.6128
26000,13.6137
26000.1,13.6121
26000.2,13.6057
26000.4,13.5599
26000.7,13.389
26001,13.1704
26001.3,12.8851
26001.6,12.5399
26001.9,12.1425
26002.2,11.638
26002.5,11.0911
26003.2,9.92628
26003.9,8.75455
26004.2,8.19453
26004.5,7.66359
26004.9,7.13946
26005.2,6.66075
26005.6,6.23057
26005.9,5.84996
26006.3,5.51819
26006.6,5.2331
26007,4.99148
26007.3,4.7894
26007.7,4.62252
26008,4.48636
26008.4,4.37654
26008.7,4.28889
26009.1,4.21963
26009.4,4.16536
26009.8,4.12316
26010.1,4.09053
26010.4,4.06731
26010.8,4.04954
26011.1,4.03545
26011.4,4.02425
26011.7,4.01529
26012,4.00807
26012.3,4.00219
26012.6,3.99735
26013.2,3.98977
26013.9,3.98426
26014.5,3.97993
26015.1,3.97636
26016.4,3.97057
26017.6,3.966
26018.8,3.96216
26020.1,3.95888
26021.3,3.95599
26022.6,3.95342
26025.1,3.94894
26027.5,3.94508
26030,3.94165
26032.5,3.93851
26035,3.93559
26037.5,3.93283
26040,3.93021
26044.4,3.92582
26048.7,3.92163
26053.1,3.91757
26057.4,3.91362
26061.8,3.90972
26066.2,3.90587
26074.9,3.89828
26083.6,3.89074
26092.3,3.88323
26101,3.8757
26109.7,3.86816
26121.5,3.85786
26133.4,3.84746
26157,3.82633
26180.7,3.80467
26204.3,3.78242
26228,3.75949
26251.7,3.73588
26299,3.68627
26353.7,3.62424
26408.5,3.55644
26463.3,3.48182
26518.1,3.39898
26572.8,3.30604
26627.6,3.20085
26682.4,3.08058
26737.2,2.94134
26769.5,2.84778
26801.9,2.74488
26834.3,2.63015
26866.7,2.50182
26894,2.3807
26921.4,2.24613
26948.8,2.09587
26962.5,2.01405
26976.2,1.9273
26997.4,1.78238
27008,1.70463
27018.5,1.62305
27029.1,1.53735
27039.7,1.44773
27050.3,1.35347
27060.9,1.25458
27074.6,1.11953
27088.3,0.976672
27102,0.826243
27115.7,0.669632
27129.3,0.509336
27136.2,0.42916
27143,0.350319
27146.5,0.311638
27149.9,0.273893
27153.3,0.237096
27156.7,0.201712
27160.2,0.167803
27163.6,0.135989
27167,0.106678
27170.4,0.0803503
27174.3,0.0546822
27176.3,0.0438773
27178.2,0.0346629
27180.2,0.0271173
27181.1,0.0240629
27182.1,0.0215049
27183.1,0.0194503
27184.1,0.0179672
27185,0.0170597
27186,0.0167568
27187.2,0.0172392
27188.3,0.0187018
27189.5,0.021203
27190.7,0.0247686
27191.8,0.029524
27193,0.0354557
27194.2,0.0427391
27195.3,0.0513275
27197,0.0667457
27198.8,0.0855099
27200.5,0.108012
27202.2,0.134593
27203.9,0.165821
27205.6,0.201743
27207.3,0.242976
27209,0.290014
27210.8,0.343729
27212.5,0.404099
27214.2,0.472073
27215.9,0.548378
27217.6,0.633815
27219.3,0.729272
27221,0.835729
27222.7,0.954272
27223.6,1.01883
27224.4,1.08692
27225.3,1.15871
27226.2,1.23348
27227,1.31318
27227.9,1.39616
27228.7,1.48459
27229.6,1.57663
27230.4,1.67469
27231.3,1.77797
27232.2,1.88674
27233,1.99991
27233.9,2.12044
27234.7,2.24585
27235.6,2.37942
27236.4,2.51838
27237.3,2.66639
27238.1,2.82224
27239,2.98637
27239.8,3.15715
27240.7,3.33907
27241.6,3.52839
27242.4,3.7301
27243.3,3.94005
27244.1,4.16378
27245,4.39669
27245.8,4.64494
27246.7,4.90345
27247.5,5.17904
27248.4,5.46609
27249.3,5.77219
27250.1,6.0911
27251,6.43128
27251.8,6.79008
27252.7,7.16856
27253.5,7.56311
27254.4,7.9842
27255.2,8.42327
27256.1,8.892
27257,9.38086
27257.8,9.90286
27258.7,10.454
27259.5,11.0359
27260.4,11.6431
27261.2,12.2916
27262.1,12.9683
27263,13.6912
27263.8,14.4454
27264.6,15.1933
27265.4,15.9801
27266.2,16.8077
27267,17.6669
27267.8,18.5814
27268.6,19.5428
27269.4,20.5531
27270.2,21.601
27271,22.7151
27271.8,23.8846
27272.6,25.1117
27273.4,26.3821
27274.2,27.7299
27275,29.1415
27275.8,30.6185
27276.6,32.1429
27277.6,34.1265
27278.5,36.2141
27279.5,38.4063
27280.5,40.6788
27281.5,43.0767
27282.4,45.5483
27284.4,50.7923
27286.3,56.3813
27288.3,62.1646
27292.2,73.8394
27294.2,79.3988
27296.1,84.4525
27297.1,86.7481
27298,88.8283
27299,90.7149
27300,92.3518
27301.6,94.481
27303.1,95.9289
27304.7,96.701
27306.2,96.814
27307.4,96.4853
27308.6,95.8339
27309.8,94.8872
27310.9,93.6775
27312.1,92.2254
27313.3,90.5906
27315.6,86.8741
27318,82.7525
27320.3,78.472
27325,69.978
27327.6,65.5893
27330.1,61.4858
27332.7,57.6775
27335.2,54.1702
27337.8,50.944
27340.3,48.0086
27342.9,45.3308
27345.4,42.8892
27348,40.654
27350.5,38.622
27353.1,36.7649
27355.6,35.065
27358.2,33.5064
27360.7,32.0747
27363.3,30.7571
27365.8,29.5422
27368.4,28.4156
27370.9,27.377
27373.5,26.4139
27376,25.519
27378.6,24.686
27381.1,23.9093
27383.7,23.1839
27386.2,22.5052
27390.2,21.5369
27394.1,20.6613
27398.1,19.8642
27402,19.1347
27406,18.4636
27409.9,17.8481
27413.8,17.2806
27417.8,16.756
27422.9,16.1323
27428,15.566
27433.1,15.049
27438.2,14.5754
27443.3,14.1392
27448.4,13.738
27453.5,13.3671
27458.6,13.0234
27464.2,12.6757
27469.7,12.3539
27480.9,11.7782
27492,11.2781
27503.1,10.8408
27513.3,10.4838
27523.5,10.1637
27533.8,9.87463
27544,9.61299
27554.2,9.37457
27564.4,9.15692
27584.8,8.77331
27605.2,8.44636
27625.6,8.16449
27646,7.91904
27666.4,7.70342
27699.8,7.40262
27733.2,7.15145
27766.6,6.93847
27783.3,6.84376
27787.5,6.82137
27788.5,6.81632
27789.6,6.81236
27790.1,6.81122
27790.6,6.81106
27791.1,6.81237
27791.7,6.81586
27792.2,6.82259
27792.7,6.83353
27793,6.84106
27793.2,6.85024
27793.5,6.8613
27793.7,6.87447
27794.3,6.90822
27794.8,6.95361
27795.3,7.01279
27795.8,7.08773
27796.4,7.18201
27796.9,7.29307
27797.4,7.42273
27797.9,7.57019
27799,7.91028
27800,8.28741
27800,9.81293
28000,9.80254
29000,9.75209
30000,9.704
35000,9.49289
40000,9.31919
50000,9.0452
60000,8.83396
70000,8.66256
80000,8.51851
90000,8.39432
100000,8.28518
125000,8.05918
150000,7.87892
170000,7.75727
200000,7.60182
250000,7.39331
300000,7.22755
350000,7.09075
400000,6.97458
500000,6.78404
600000,6.62935
700000,6.49658
800000,6.37779
900000,6.26818
981270,6.18372
981270,6.84641
981670,6.84646
981670,6.84646
1e+06,6.84883
1.1e+06,6.83361
1.2e+06,6.80066
1.3e+06,6.75183
1.4e+06,6.68846
1.5e+06,6.61212
1.6e+06,6.52463
1.67796e+06,6.44921
1.67796e+06,6.44921
1.68407e+06,6.4433
1.68407e+06,6.4433
1.7e+06,6.4279
1.78837e+06,6.33599
1.78837e+06,6.33599
1.8e+06,6.32389
1.80119e+06,6.32259
1.80119e+06,6.32259
1.9e+06,6.21459
1.94019e+06,6.16931
1.9402e+06,6.1693
2e+06,6.10192
2.06963e+06,6.02241
2.06963e+06,6.02241
2.1e+06,5.98772
2.12411e+06,5.96023
2.12411e+06,5.96023
2.2e+06,5.8737
2.20879e+06,5.86383
2.20879e+06,5.86383
2.26599e+06,5.79962
2.26599e+06,5.79961
2.3e+06,5.76143
2.38173e+06,5.67222
2.38174e+06,5.67222
2.4e+06,5.65229
2.42914e+06,5.62174
2.42914e+06,5.62174
2.44092e+06,5.60939
2.44092e+06,5.60939
2.5e+06,5.54746
2.50688e+06,5.54061
2.50688e+06,5.54061
2.53659e+06,5.51104
2.53659e+06,5.51104
2.57256e+06,5.47524
2.57256e+06,5.47524
2.59676e+06,5.45116
2.59676e+06,5.45116
2.6e+06,5.44793
2.62157e+06,5.42776
2.62158e+06,5.42776
2.62813e+06,5.42163
2.62814e+06,5.42162
2.68571e+06,5.36779
2.68571e+06,5.36779
2.7e+06,5.35443
2.72166e+06,5.33559
2.72166e+06,5.33559
2.74412e+06,5.31605
2.74412e+06,5.31605
2.78472e+06,5.28074
2.78472e+06,5.28074
2.78551e+06,5.28006
2.78551e+06,5.28006
2.8e+06,5.26745
2.87634e+06,5.20623
2.87634e+06,5.20623
2.9e+06,5.18725
2.90685e+06,5.18222
2.90685e+06,5.18222
2.94013e+06,5.15778
2.94013e+06,5.15778
2.99024e+06,5.12098
2.99024e+06,5.12098
2.99421e+06,5.11806
2.99421e+06,5.11806
3e+06,5.11381
3.03798e+06,5.0884
3.03798e+06,5.0884
3.03899e+06,5.08773
3.03899e+06,5.08773
3.1e+06,5.04692
3.2e+06,4.98613
3.3e+06,4.93088
3.4e+06,4.88047
3.5e+06,4.83418
3.6e+06,4.79134
3.8e+06,4.71362
4e+06,4.64377
4.30161e+06,4.55444
4.30161e+06,4.55444
4.5e+06,4.49568
4.76535e+06,4.43685
4.76535e+06,4.43685
5e+06,4.38484
5.5e+06,4.30866
6e+06,4.2643
6.5e+06,4.25247
7e+06,4.27284
7.5e+06,4.32123
8e+06,4.39011
8.1022e+06,4.40654
8.1022e+06,4.40654
8.5e+06,4.47048
9e+06,4.55393
9.5e+06,4.63398
1e+07,4.70616
1.05e+07,4.76741
1.05735e+07,4.77453
1.05736e+07,4.77453
1.1e+07,4.81584
1.15e+07,4.8507
1.2e+07,4.87227
1.25e+07,4.88158
1.3e+07,4.87993
1.35e+07,4.86871
1.4e+07,4.84924
1.4077e+07,4.84516
1.40771e+07,4.84515
1.45e+07,4.82275
1.5e+07,4.79037
1.55e+07,4.75304
1.6e+07,4.71162
1.65e+07,4.66681
1.7e+07,4.61927
1.75e+07,4.56958
1.8e+07,4.51822
1.85e+07,4.46554
1.9e+07,4.41172
1.95e+07,4.35685
2e+07,4.30092
